%eval_id interface             Lv       CURVE1_1 
1            NO_ID          8.405 0.000221068745 
2            NO_ID    6.992555983 0.000278538418 
3            NO_ID    7.724135692 0.0002479136471 
4            NO_ID    8.243832098 0.0002276277236 
5            NO_ID     6.87895074 0.0002840920272 
6            NO_ID    6.423047414 0.0003084772603 
7            NO_ID    7.334291954 0.0002632991246 
8            NO_ID     10.3858359 0.0001892441758 
9            NO_ID    7.718780325 0.0002481184535 
10           NO_ID    6.766394259 0.0002898269351 
11           NO_ID    7.033717686 0.0002765870405 
12           NO_ID    8.824030062 0.0002045978402 
13           NO_ID    8.309395363 0.0002249687062 
14           NO_ID    8.968562451 0.0001996691193 
15           NO_ID    8.307030188 0.0002250649208 
16           NO_ID    8.485731711 0.0002177751284 
17           NO_ID     9.27960646 0.0001914347681 
18           NO_ID    9.481739457 0.0001880779306 
19           NO_ID    10.08888161 0.0001865518291 
20           NO_ID    10.48081015 0.0001904235242 
21           NO_ID    10.49566778 0.0001906194135 
22           NO_ID    9.302505491 0.0001909739299 
23           NO_ID     8.68895171 0.0002096616885 
24           NO_ID    8.589604266 0.0002135786026 
25           NO_ID    9.313352778 0.0001907628469 
26           NO_ID    7.582952344 0.0002533440308 
27           NO_ID    7.192358996 0.0002693700323 
28           NO_ID    7.572308096 0.0002537575601 
29           NO_ID    9.081429632 0.000196272304 
30           NO_ID    9.811915915 0.0001858426043 
31           NO_ID    8.789030358 0.0002058736645 
32           NO_ID    6.759648888 0.0002901775365 
33           NO_ID    8.215786607 0.0002287591127 
34           NO_ID    7.833795086 0.0002437214336 
35           NO_ID    8.908728325 0.000201637597 
36           NO_ID     8.29425156 0.0002255844164 
37           NO_ID    8.219130263 0.0002286244403 
38           NO_ID    8.396937263 0.0002213980889 
39           NO_ID    7.847995764 0.000243177529 
40           NO_ID    10.36817167 0.000189039671 
41           NO_ID    10.41201336 0.0001895560999 
42           NO_ID    10.37632673 0.0001891334758 
43           NO_ID    9.982934646 0.0001860430414 
44           NO_ID    8.791507445  0.00020578245 
45           NO_ID    8.149720709 0.0002314070833 
46           NO_ID    9.963738023 0.0001859806762 
47           NO_ID    8.604822498 0.0002129709458 
48           NO_ID    8.319475955 0.0002245584285 
49           NO_ID    7.061971973 0.0002752665077 
50           NO_ID     7.68154411 0.0002495440819 
51           NO_ID    10.24491705 0.0001877579924 
52           NO_ID    8.607069272 0.000212881435 
53           NO_ID    8.595221181 0.000213354051 
54           NO_ID     6.98143698 0.0002790711443 
55           NO_ID    6.707258517 0.0002929256115 
56           NO_ID    7.675040969 0.0002497934334 
57           NO_ID    7.427672299 0.0002594760629 
58           NO_ID    8.682930039 0.0002098952859 
59           NO_ID    8.068573173 0.0002346232377 
60           NO_ID    7.160974383 0.000270760133 
61           NO_ID    7.655741045 0.0002505343011 
62           NO_ID    7.662344835 0.0002502806483 
63           NO_ID    8.634871468 0.0002117784818 
64           NO_ID    7.534941166 0.0002552160051 
65           NO_ID    7.361655361 0.0002621661165 
66           NO_ID    8.031636731 0.0002360736072 
67           NO_ID    6.332177899 0.0003136134095 
68           NO_ID     6.33928406 0.0003132099666 
69           NO_ID    6.838151736 0.0002861450039 
70           NO_ID    7.845703031 0.0002432653763 
71           NO_ID    8.987100065 0.0001990818568 
72           NO_ID    9.620630858 0.0001866752766 
73           NO_ID    9.555598443 0.0001872437573 
74           NO_ID    9.292473376 0.0001911732803 
75           NO_ID    9.083416038 0.0001962164885 
76           NO_ID    9.089445517 0.0001960479411 
77           NO_ID    7.544145777 0.000254855708 
78           NO_ID    7.265763343 0.0002661878372 
79           NO_ID    7.758537133 0.0002465987718 
80           NO_ID    8.275103806 0.0002263616859 
81           NO_ID    6.360462293 0.000312009205 
82           NO_ID    6.932461727 0.0002814457682 
83           NO_ID    7.740111744 0.0002473028944 
84           NO_ID    6.893364888 0.0002833739705 
85           NO_ID    7.116131296 0.0002727781931 
86           NO_ID    7.938572026 0.0002396931672 
87           NO_ID    8.408441224 0.0002209281792 
88           NO_ID    9.565200266 0.0001871501906 
89           NO_ID    9.632737388 0.0001865861163 
90           NO_ID    10.02648275 0.0001862192066 
91           NO_ID    9.826898631 0.0001858267085 
92           NO_ID    9.071754204 0.0001965461996 
93           NO_ID    6.541461077 0.0003018839358 
94           NO_ID    7.645453799 0.0002509297848 
95           NO_ID     6.99085118 0.0002786199431 
96           NO_ID    8.735175469 0.0002078886231 
97           NO_ID    8.889714011 0.0002022852942 
98           NO_ID    6.626674974 0.0002972336425 
99           NO_ID    6.884208337 0.0002838296708 
100          NO_ID    8.256867318 0.0002271005355 
101          NO_ID    8.493980505 0.0002174395724 
102          NO_ID    7.556335687 0.0002543796275 
103          NO_ID    9.235161837 0.0001923880676 
104          NO_ID    8.210311196 0.0002289795156 
105          NO_ID    7.602929295 0.0002525699576 
106          NO_ID    7.788441871 0.0002454560441 
107          NO_ID    6.951777768 0.000280503749 
108          NO_ID    8.338266677 0.0002237928603 
109          NO_ID    6.914702674 0.0002823180741 
110          NO_ID    7.588310728 0.0002531361503 
111          NO_ID    6.666968137 0.0002950678294 
112          NO_ID     7.92085151 0.000240377374 
113          NO_ID    8.247715561 0.0002274707481 
114          NO_ID    9.584504273 0.0001869722503 
115          NO_ID    9.370784732 0.000189722542 
116          NO_ID    9.673636084 0.0001863226144 
117          NO_ID    10.39709243 0.0001893770277 
118          NO_ID    10.46561353 0.0001902262192 
119          NO_ID    8.247025263 0.0002274986563 
120          NO_ID    10.04724015 0.0001863196181 
121          NO_ID    8.717656052 0.0002085562725 
122          NO_ID     9.74681749 0.0001859919401 
123          NO_ID    8.202494909 0.0002292938621 
124          NO_ID    7.395626003 0.0002607745469 
125          NO_ID    8.401643411 0.0002212058545 
126          NO_ID    7.625657687 0.0002516921622 
127          NO_ID    6.589316705 0.0002992612641 
128          NO_ID    6.880985482 0.0002839904324 
129          NO_ID    7.801157197 0.0002449700082 
130          NO_ID     8.76255865 0.0002068567001 
131          NO_ID     8.46791214 0.0002185008689 
132          NO_ID    7.205684748 0.0002687852452 
133          NO_ID    8.096924967 0.000233504236 
134          NO_ID    7.441337439 0.0002589263099 
135          NO_ID    7.566224276 0.0002539942786 
136          NO_ID    7.388463482 0.0002610666187 
137          NO_ID    6.807082505 0.000287728293 
138          NO_ID    6.706767591 0.0002929515666 
139          NO_ID    6.903493564 0.0002828716978 
140          NO_ID    10.48098285 0.0001904257843 
141          NO_ID    10.43780514 0.000189873421 
142          NO_ID    7.137051053 0.0002718320352 
143          NO_ID    8.288627092 0.0002258128814 
144          NO_ID    8.801371033 0.0002054206005 
145          NO_ID    7.768303968 0.0002462255797 
146          NO_ID    9.817292986 0.0001858361209 
147          NO_ID    7.526085028 0.000255563349 
148          NO_ID    10.06235369 0.0001863992129 
149          NO_ID    9.155109663 0.0001942990111 
150          NO_ID    7.653843734 0.0002506072086 
151          NO_ID    9.053790282 0.0001970635782 
152          NO_ID    9.392117434 0.0001893691647 
153          NO_ID    8.272538581 0.0002264657035 
154          NO_ID    6.985323942 0.0002788846446 
155          NO_ID    9.179712156 0.0001936854632 
156          NO_ID      7.6533149 0.0002506275326 
157          NO_ID    8.947463775 0.0002003507798 
158          NO_ID    10.03451317 0.0001862568176 
159          NO_ID    10.16643864 0.0001870881415 
160          NO_ID    9.836883491 0.000185819851 
161          NO_ID    7.721355921 0.000248019949 
162          NO_ID    10.23744474 0.0001876890321 
163          NO_ID    9.263030701 0.0001917812354 
164          NO_ID    6.911343804 0.0002824837241 
165          NO_ID    7.489578142 0.000257002851 
166          NO_ID    7.352823257 0.0002625306049 
167          NO_ID    8.285951638 0.0002259215152 
168          NO_ID    8.854606728 0.0002035073666 
169          NO_ID     6.93129733 0.0002815027802 
170          NO_ID    7.676012515 0.0002497561727 
171          NO_ID    8.551383013 0.0002151141274 
172          NO_ID    9.450570059 0.000188491842 
173          NO_ID    9.904722099 0.0001858501107 
174          NO_ID    10.08500283 0.0001865285024 
175          NO_ID    10.24984954 0.0001878040898 
176          NO_ID    9.222094233 0.0001926830713 
177          NO_ID     7.61558901 0.0002520806726 
178          NO_ID    7.270024979 0.0002660059572 
179          NO_ID    8.045585085 0.0002355268799 
180          NO_ID    8.739370451 0.0002077295952 
181          NO_ID    9.253048727 0.0001919950886 
182          NO_ID    9.673302992 0.0001863245284 
183          NO_ID    10.37509869 0.000189119283 
184          NO_ID    6.549764736 0.0003014269377 
185          NO_ID    9.902285326 0.0001858467595 
186          NO_ID    10.40893926 0.0001895189324 
187          NO_ID    10.05384016 0.0001863537115 
188          NO_ID    7.217321291 0.0002682772012 
189          NO_ID    8.567611423 0.0002144606508 
190          NO_ID    9.705617704 0.0001861562873 
191          NO_ID    6.458897387 0.0003064673489 
192          NO_ID    9.977421327 0.0001860241555 
193          NO_ID    7.967678889 0.0002385660894 
194          NO_ID    8.300251083 0.0002253405871 
195          NO_ID    10.33446554 0.0001886633231 
196          NO_ID    9.378689233 0.0001895895227 
197          NO_ID     8.94244979 0.0002005148047 
198          NO_ID    8.457072665 0.0002189428032 
199          NO_ID    9.334007183 0.0001903737537 
200          NO_ID    10.01815266 0.0001861818569 
201          NO_ID    10.23912834 0.0001877044774 
202          NO_ID     9.31796231 0.0001906745528 
203          NO_ID    10.16443722 0.0001870726799 
204          NO_ID    10.19697903 0.0001873342793 
205          NO_ID    7.241397587 0.0002672336675 
206          NO_ID     8.80672487 0.000205225118 
207          NO_ID    7.130165844 0.0002721425247 
208          NO_ID    6.816172384 0.0002872633226 
209          NO_ID    8.409869805 0.0002208698257 
210          NO_ID    7.665276522 0.0002501680943 
211          NO_ID    9.296557974 0.0001910916354 
212          NO_ID    8.255826735 0.0002271426496 
213          NO_ID    10.48985258 0.0001905423966 
214          NO_ID    8.151467092 0.0002313374187 
215          NO_ID    7.887137055 0.0002416754776 
216          NO_ID    8.767725724 0.0002066636593 
217          NO_ID    6.982375222 0.0002790261001 
218          NO_ID    9.327449501 0.0001904954662 
219          NO_ID    10.17439203 0.0001871504045 
220          NO_ID     10.0541533 0.0001863553548 
221          NO_ID    8.629010638 0.0002120102373 
222          NO_ID     10.2408712 0.000187720523 
223          NO_ID    9.773334702 0.0001859151071 
224          NO_ID    9.770206255 0.0001859230133 
225          NO_ID    10.41865478 0.000189636878 
226          NO_ID    9.279323641 0.0001914405889 
227          NO_ID    6.949855505 0.000280597178 
228          NO_ID    9.781862925 0.0001858951124 
229          NO_ID    8.167006252 0.0002307167357 
230          NO_ID    9.542842302 0.000187373301 
231          NO_ID    7.742828271 0.0002471990696 
232          NO_ID    7.465219062 0.0002579708594 
233          NO_ID    6.400401184 0.0003097521533 
234          NO_ID    6.675502231 0.0002946120675 
235          NO_ID    6.494824356 0.0003044645342 
236          NO_ID    8.096231324 0.000233531673 
237          NO_ID    9.850489915 0.0001858152593 
238          NO_ID    9.752242305 0.0001859744012 
239          NO_ID    8.395288235 0.0002214654465 
240          NO_ID    7.617087315 0.0002520228245 
241          NO_ID    7.552124994 0.0002545439431 
242          NO_ID    9.012254973 0.0001983029149 
243          NO_ID    10.37261001 0.0001890905933 
244          NO_ID    8.810458203 0.0002050891959 
245          NO_ID    8.826549965 0.0002045070948 
246          NO_ID    8.488280916 0.0002176713991 
247          NO_ID    9.157906005 0.0001942281141 
248          NO_ID    9.845595211 0.0001858162833 
249          NO_ID    9.456480208 0.0001884104978 
250          NO_ID    8.016080963 0.0002366819702 
251          NO_ID    9.158642939 0.0001942094796 
252          NO_ID    10.04066059 0.0001862866654 
253          NO_ID    8.061164096 0.0002349148376 
254          NO_ID    8.415962589 0.0002206209605 
255          NO_ID     9.89537534 0.0001858381565 
256          NO_ID     9.23791055 0.0001923268636 
257          NO_ID    9.614184449 0.0001867248603 
258          NO_ID    8.757087935 0.0002070616787 
259          NO_ID    9.649794014 0.0001864691992 
260          NO_ID    9.446579685 0.0001885475237 
261          NO_ID    6.432653376 0.0003079376682 
262          NO_ID    9.194619744 0.0001933249666 
263          NO_ID    6.880144359 0.0002840324206 
264          NO_ID    9.375048321 0.0001896504884 
265          NO_ID    6.736262574 0.0002913988329 
266          NO_ID     9.37930161 0.0001895793197 
267          NO_ID    8.333608794 0.0002239827186 
268          NO_ID    7.904097567 0.0002410230109 
269          NO_ID    7.080091682 0.0002744277427 
270          NO_ID    7.714582924 0.0002482790079 
271          NO_ID    10.22358895 0.0001875639761 
272          NO_ID    9.034581547 0.0001976293497 
273          NO_ID    6.969990444 0.0002796220428 
274          NO_ID    8.799344231 0.0002054947754 
275          NO_ID    9.308601267 0.0001908547378 
276          NO_ID    10.24623064 0.0001877702241 
277          NO_ID    8.811764679 0.0002050417068 
278          NO_ID    9.649326814 0.0001864722671 
279          NO_ID    7.409739027 0.0002602010593 
280          NO_ID    8.122405346 0.0002324942712 
281          NO_ID    8.485683317 0.0002177770979 
282          NO_ID    9.517708345 0.0001876461893 
283          NO_ID    7.194686187 0.0002692676741 
284          NO_ID    7.449863937 0.0002585844243 
285          NO_ID    7.053757347 0.0002756488492 
286          NO_ID    8.688099014 0.0002096947325 
287          NO_ID    10.09812402 0.0001866087901 
288          NO_ID    10.27835611 0.0001880793261 
289          NO_ID    7.405872013 0.0002603579351 
290          NO_ID    10.11875115 0.0001867428247 
291          NO_ID    9.955263261 0.0001859561967 
292          NO_ID    10.49346618 0.0001905902033 
293          NO_ID    9.691219966 0.0001862269132 
294          NO_ID    7.937401362 0.0002397384118 
295          NO_ID    8.760669616 0.0002069274105 
296          NO_ID    7.254318355 0.0002666778139 
297          NO_ID    6.326006887 0.0003139639655 
298          NO_ID    8.301651049 0.0002252836719 
299          NO_ID    9.152671563 0.0001943610673 
300          NO_ID    9.069039439 0.0001966236525 
301          NO_ID    7.777380771 0.0002458787463 
302          NO_ID    9.104429257 0.0001956348109 
303          NO_ID    8.702433278 0.0002091407969 
304          NO_ID    7.986178813 0.0002378474775 
305          NO_ID    8.423341478 0.0002203195908 
306          NO_ID    8.796825635 0.0002055870782 
307          NO_ID    8.449684335 0.0002192441972 
308          NO_ID    9.599268974 0.0001868452432 
309          NO_ID    8.424266638 0.0002202818082 
310          NO_ID    9.723645862 0.0001860775467 
311          NO_ID    9.007333791 0.0001984536498 
312          NO_ID    10.32527141 0.0001885639192 
313          NO_ID    10.17906418 0.0001871875879 
314          NO_ID    8.427249366 0.000220160002 
315          NO_ID    10.10164348 0.0001866309875 
316          NO_ID    7.932233325 0.0002399380738 
317          NO_ID    7.988231791 0.0002377676179 
318          NO_ID    6.965656332  0.00027983129 
319          NO_ID    7.478627332 0.0002574372411 
320          NO_ID    6.787338663 0.0002887431478 
321          NO_ID    9.278033904 0.0001914671736 
322          NO_ID     9.64933931 0.0001864721849 
323          NO_ID    8.467017523 0.000218537331 
324          NO_ID    8.287539769 0.0002258570343 
325          NO_ID    8.360983976 0.0002228662012 
326          NO_ID    8.719694869 0.0002084782908 
327          NO_ID    9.452156793 0.0001884698711 
328          NO_ID    9.406802372 0.0001891362583 
329          NO_ID    7.577876219 0.0002535411399 
330          NO_ID    10.21914205 0.0001875246246 
331          NO_ID    9.615992408 0.0001867108057 
332          NO_ID    10.26558948 0.0001879542185 
333          NO_ID    8.729720462 0.000208095909 
334          NO_ID    7.312344357 0.0002642161073 
335          NO_ID    8.005399883 0.0002370988729 
336          NO_ID    8.559543023 0.0002147852861 
337          NO_ID    6.387479855 0.0003104812267 
338          NO_ID    8.479852893 0.0002180144358 
339          NO_ID    7.228912014 0.0002677735538 
340          NO_ID    7.933517846 0.000239888459 
341          NO_ID    7.938648127 0.0002396902257 
342          NO_ID    7.877115462 0.0002420605169 
343          NO_ID    9.772239271 0.0001859178405 
344          NO_ID    7.613792185 0.0002521500625 
345          NO_ID     9.62898625 0.0001866131914 
346          NO_ID    8.765124578 0.0002067607689 
347          NO_ID    8.091701423 0.000233710779 
348          NO_ID    9.207741206 0.000193014755 
349          NO_ID    9.555691224 0.000187242837 
350          NO_ID    9.439122147 0.0001886532324 
351          NO_ID    9.276662149 0.0001914955207 
352          NO_ID    7.742677946 0.0002472048148 
353          NO_ID     9.37452635 0.0001896592713 
354          NO_ID    6.601724522 0.0002985858266 
355          NO_ID    7.006732824 0.0002778626377 
356          NO_ID    8.757086627 0.0002070617278 
357          NO_ID    9.704108835 0.0001861633646 
358          NO_ID    8.515484632 0.000216566231 
359          NO_ID    9.191857827 0.0001933911099 
360          NO_ID    9.640604243 0.0001865309333 
361          NO_ID      7.4774073 0.0002574857149 
362          NO_ID    7.678893591 0.0002496456955 
363          NO_ID    6.673187656 0.0002947355721 
364          NO_ID     7.53415108 0.0002552469651 
365          NO_ID    6.800027057 0.0002880901831 
366          NO_ID    9.017854433 0.0001981323949 
367          NO_ID    9.930897968 0.0001858964254 
368          NO_ID    7.255505036 0.0002666269067 
369          NO_ID    8.411953267 0.0002207847232 
370          NO_ID    8.500234833 0.0002171853412 
371          NO_ID    7.905252571 0.000240978538 
372          NO_ID    8.819010516 0.0002047790573 
373          NO_ID    6.632205554 0.0002969350353 
374          NO_ID    9.154604516  0.00019431185 
375          NO_ID     10.4586403 0.0001901367372 
376          NO_ID    9.699531571 0.0001861852977 
377          NO_ID    8.427683981 0.0002201422542 
378          NO_ID    7.144635777 0.0002714910349 
379          NO_ID    7.205404993 0.000268797489 
380          NO_ID    7.302038383 0.0002646493084 
381          NO_ID    8.279148229 0.0002261976322 
382          NO_ID    10.23331812 0.0001876514027 
383          NO_ID    8.262217482 0.0002268839273 
384          NO_ID    8.705594559 0.0002090190853 
385          NO_ID    9.010546255 0.0001983551606 
386          NO_ID    9.591506762 0.0001869110372 
387          NO_ID    7.493006022 0.0002568671314 
388          NO_ID    8.496670503 0.000217330206 
389          NO_ID    10.37297672 0.0001890948147 
390          NO_ID    9.749592669 0.0001859828499 
391          NO_ID    6.343663758 0.0003129614454 
392          NO_ID    6.849715392 0.0002855600802 
393          NO_ID    8.231335873 0.000228132335 
394          NO_ID    6.409756894 0.0003092250025 
395          NO_ID    8.390640404 0.0002216552902 
396          NO_ID    9.273154312 0.0001915683464 
397          NO_ID    8.622785756 0.0002122568407 
398          NO_ID    9.082108568 0.0001962532107 
399          NO_ID    8.342807368 0.0002236077284 
400          NO_ID    10.38971665 0.0001892897571 
401          NO_ID    9.520036595 0.000187619921 
402          NO_ID    9.972570822 0.0001860081873 
403          NO_ID    10.28782772 0.000188174044 
404          NO_ID    9.368440307 0.0001897624664 
405          NO_ID    8.866218053 0.0002030995254 
406          NO_ID    8.887642447 0.0002023564743 
407          NO_ID    10.17178204 0.0001871298282 
408          NO_ID    9.580102624 0.0001870116338 
409          NO_ID    10.11192087 0.0001866973944 
410          NO_ID    8.626774758 0.0002120987605 
411          NO_ID    8.450244928 0.0002192213247 
412          NO_ID    8.481701475 0.0002179391724 
413          NO_ID    9.412165675 0.000189053293 
414          NO_ID    8.504611759 0.0002170075299 
415          NO_ID    7.739901047 0.0002473109474 
416          NO_ID    9.447778063 0.000188530737 
417          NO_ID    6.709335788 0.0002928158277 
418          NO_ID    7.134230703 0.0002719591111 
419          NO_ID     7.76446282 0.0002463723499 
420          NO_ID     8.90112177 0.0002018954719 
421          NO_ID    9.089508707 0.0001960461817 
422          NO_ID    9.547337388 0.0001873269672 
423          NO_ID    9.413138071 0.0001890383709 
424          NO_ID    8.961079509 0.0001999092837 
425          NO_ID    7.840119024 0.0002434792767 
426          NO_ID    8.939255696 0.0002006196956 
427          NO_ID    7.757094403 0.0002466538998 
428          NO_ID    7.536513038 0.0002551544264 
429          NO_ID    7.771601313 0.0002460995872 
430          NO_ID    6.735869964 0.0002914194114 
431          NO_ID    7.277437509 0.0002656903275 
432          NO_ID    8.422720453 0.0002203449533 
433          NO_ID    9.935432574 0.0001859063456 
434          NO_ID    7.811073374 0.000244590841 
435          NO_ID    6.487906916 0.0003048492077 
436          NO_ID    9.173011665 0.0001938502743 
437          NO_ID     9.14643522 0.0001945208218 
438          NO_ID    8.346082263 0.0002234741761 
439          NO_ID    6.728208503 0.0002918214743 
440          NO_ID    9.467533966 0.0001882619594 
441          NO_ID     9.76700026 0.0001859314352 
442          NO_ID    10.01063006 0.0001861495974 
443          NO_ID    9.512379939 0.0001877070708 
444          NO_ID    9.085339893 0.0001961625664 
445          NO_ID    7.958282809 0.0002389303853 
446          NO_ID    10.16121226 0.0001870479415 
447          NO_ID    7.888781619 0.0002416122583 
448          NO_ID    6.825660795 0.0002867795044 
449          NO_ID    8.154320034 0.0002312235727 
450          NO_ID    8.902229747 0.0002018578066 
451          NO_ID    7.623723092 0.0002517667691 
452          NO_ID    7.964625779 0.0002386845113 
453          NO_ID    7.614720167 0.0002521142234 
454          NO_ID    7.506207594 0.0002563455445 
455          NO_ID    8.212058842 0.0002289091849 
456          NO_ID    9.855633919 0.0001858149387 
457          NO_ID    8.492608102 0.0002174953816 
458          NO_ID    9.354033685 0.0001900125469 
459          NO_ID    7.604626396 0.0002525043124 
460          NO_ID    9.957507985 0.000185962497 
461          NO_ID    9.771535454 0.0001859196166 
462          NO_ID    8.611614673 0.000212700513 
463          NO_ID    6.777021787 0.0002892760846 
464          NO_ID     8.98824768 0.0001990458661 
465          NO_ID    10.05741901 0.0001863726307 
466          NO_ID     9.58365801 0.0001869797678 
467          NO_ID    9.679710157 0.0001862883739 
468          NO_ID    9.995908309 0.0001860905461 
469          NO_ID    10.45851542 0.0001901351408 
470          NO_ID    9.659239121 0.000186408795 
471          NO_ID     8.92619094 0.0002010519401 
472          NO_ID     8.42233342 0.0002203607597 
473          NO_ID    9.679224968 0.000186291063 
474          NO_ID    7.197169037 0.0002691585778 
475          NO_ID    7.163042623 0.000270667966 
476          NO_ID    9.226148317 0.000192590837 
477          NO_ID      9.1075389 0.0001955501014 
478          NO_ID    8.147944338 0.000231477925 
479          NO_ID    7.743107493 0.0002471883981 
480          NO_ID    9.376114599 0.0001896325801 
481          NO_ID    10.27358619 0.0001880322367 
482          NO_ID    9.284695062 0.0001913305754 
483          NO_ID    8.308216422 0.0002250166675 
484          NO_ID    7.226783813 0.0002678658517 
485          NO_ID    10.05200641 0.0001863441351 
486          NO_ID    10.35373011 0.0001888761584 
487          NO_ID    8.957405225 0.0002000278549 
488          NO_ID    9.516035101 0.0001876651929 
489          NO_ID    9.165158914 0.0001940456114 
490          NO_ID    7.814648221 0.0002444541149 
491          NO_ID    9.080612865 0.0001962952954 
492          NO_ID    10.46164879 0.0001901752605 
493          NO_ID    9.190835124 0.0001934156765 
494          NO_ID    8.096635781 0.0002335156751 
495          NO_ID    8.917741097 0.0002013342125 
496          NO_ID    10.17847954 0.0001871829106 
497          NO_ID     9.33936003  0.00019027566 
498          NO_ID    9.586383165 0.0001869556523 
499          NO_ID    6.623025403 0.0002974309161 
500          NO_ID    7.564242221 0.0002540714582 
501          NO_ID    6.488785161 0.0003048003433 
502          NO_ID    9.023292605 0.000197967802 
503          NO_ID    8.422204796 0.0002203660127 
504          NO_ID    8.270001367 0.0002265685577 
505          NO_ID    9.893523648 0.000185836078 
506          NO_ID    8.495298979 0.0002173859637 
507          NO_ID    8.746285909 0.0002074681675 
508          NO_ID    7.338098121 0.0002631408558 
509          NO_ID    7.356397332 0.0002623829705 
510          NO_ID    9.511111612 0.0001877217195 
511          NO_ID    9.208865193 0.0001929884921 
512          NO_ID    8.795932818 0.0002056198329 
513          NO_ID    6.793203691 0.0002884409827 
514          NO_ID    8.737876985 0.0002077861731 
515          NO_ID     9.49198599 0.0001879499582 
516          NO_ID    9.910106106 0.0001858580992 
