8.405 0.657763 6.92378
6.99256 0.839498 6.78773
7.72414 0.742654 6.86434
8.24383 0.678504 6.90993
6.87895 0.85706 6.77283
6.42305 0.934173 6.70377
7.33429 0.791307 6.82703
10.3858 0.557125 6.98492
7.71878 0.743302 6.86386
6.76639 0.875196 6.75713
7.03372 0.833327 6.79289
8.82403 0.605677 6.95669
8.3094 0.670096 6.9156
8.96856 0.590092 6.96601
8.30703 0.6704 6.91539
8.48573 0.647348 6.93058
9.27961 0.564052 6.98103
9.48174 0.553437 6.98696
10.0889 0.548611 6.98962
10.4808 0.560854 6.98283
10.4957 0.561474 6.98248
9.30251 0.562595 6.98185
8.68895 0.621691 6.94686
8.5896 0.634077 6.93908
9.31335 0.561927 6.98223
7.58295 0.759826 6.85144
7.19236 0.810505 6.81165
7.57231 0.761134 6.85045
9.08143 0.57935 6.97229
9.81192 0.546368 6.99085
8.78903 0.609712 6.95423
6.75965 0.876304 6.75615
8.21579 0.682082 6.90749
7.8338 0.729397 6.8741
8.90873 0.596316 6.96231
8.29425 0.672043 6.91429
8.21913 0.681656 6.90778
8.39694 0.658805 6.9231
7.848 0.727677 6.87535
10.3682 0.556478 6.98528
10.412 0.558111 6.98437
10.3763 0.556775 6.98511
9.98293 0.547002 6.9905
8.79151 0.609424 6.95441
8.14972 0.690456 6.90174
9.96374 0.546805 6.99061
8.60482 0.632156 6.9403
8.31948 0.668798 6.91646
7.06197 0.829151 6.79636
7.68154 0.74781 6.8605
10.2449 0.552425 6.98752
8.60707 0.631873 6.94048
8.59522 0.633367 6.93953
6.98144 0.841183 6.78632
6.70726 0.884994 6.7485
7.67504 0.748599 6.85991
7.42767 0.779218 6.83652
8.68293 0.622429 6.9464
8.06857 0.700626 6.89467
7.16097 0.814901 6.80808
7.65574 0.750941 6.85815
7.66234 0.750139 6.85875
8.63487 0.628385 6.94268
7.53494 0.765746 6.84693
7.36166 0.787724 6.82985
8.03164 0.705213 6.89145
6.33218 0.950415 6.68846
6.33928 0.949139 6.68968
6.83815 0.863552 6.76725
7.8457 0.727955 6.87515
8.9871 0.588234 6.9671
9.62063 0.549001 6.98941
9.5556 0.550799 6.98842
9.29247 0.563225 6.9815
9.08342 0.579173 6.97239
9.08945 0.57864 6.9727
7.54415 0.764607 6.8478
7.26576 0.800442 6.81976
7.75854 0.738496 6.86742
8.2751 0.674501 6.91263
6.36046 0.945342 6.69327
6.93246 0.848692 6.77997
7.74011 0.740723 6.86577
6.89336 0.854789 6.77478
7.11613 0.821283 6.80286
7.93857 0.716659 6.88331
8.40844 0.657319 6.92408
9.5652 0.550503 6.98858
9.63274 0.548719 6.98956
10.0265 0.547559 6.9902
9.8269 0.546318 6.99088
9.07175 0.580216 6.97178
6.54146 0.913323 6.72303
7.64545 0.752192 6.85721
6.99085 0.839756 6.78751
8.73518 0.616084 6.95033
8.88971 0.598365 6.96109
6.62667 0.898618 6.73635
6.88421 0.856231 6.77354
8.25687 0.676837 6.91105
8.49398 0.646287 6.93127
7.55634 0.763101 6.84895
9.23516 0.567067 6.97933
8.21031 0.682779 6.90702
7.60293 0.757379 6.8533
7.78844 0.734882 6.87008
6.95178 0.845713 6.78249
8.33827 0.666377 6.91808
6.9147 0.85145 6.77763
7.58831 0.759169 6.85194
6.66697 0.891769 6.74248
7.92085 0.718822 6.88176
8.24772 0.678008 6.91026
9.5845 0.54994 6.98889
9.37078 0.558638 6.98407
9.67364 0.547886 6.99002
10.3971 0.557545 6.98468
10.4656 0.56023 6.98318
8.24703 0.678096 6.9102
10.0472 0.547877 6.99002
8.71766 0.618195 6.94903
9.74682 0.54684 6.99059
8.20249 0.683773 6.90634
7.39563 0.783324 6.83331
8.40164 0.658197 6.9235
7.62566 0.754603 6.8554
6.58932 0.90503 6.73057
6.88099 0.856739 6.77311
7.80116 0.733345 6.87121
8.76256 0.612821 6.95233
8.46791 0.649643 6.92909
7.20568 0.808656 6.81315
8.09692 0.697088 6.89714
7.44134 0.777479 6.83787
7.56622 0.761883 6.84988
7.38846 0.784247 6.83259
6.80708 0.868559 6.76291
6.70677 0.885077 6.74843
6.90349 0.853201 6.77613
10.481 0.560862 6.98283
10.4378 0.559115 6.9838
7.13705 0.818291 6.80531
8.28863 0.672765 6.9138
8.80137 0.608279 6.95511
7.7683 0.737316 6.86829
9.81729 0.546348 6.99086
7.52609 0.766845 6.84608
10.0624 0.548128 6.98989
9.15511 0.57311 6.97588
7.65384 0.751172 6.85798
9.05379 0.581852 6.97083
9.39212 0.55752 6.98469
8.27254 0.67483 6.91241
6.98532 0.840593 6.78681
9.17971 0.57117 6.97699
7.65331 0.751236 6.85793
8.94746 0.592247 6.96473
10.0345 0.547678 6.99013
10.1664 0.550307 6.98869
9.83688 0.546296 6.99089
7.72136 0.74299 6.86409
10.2374 0.552207 6.98764
9.26303 0.565148 6.98041
6.91134 0.851974 6.77718
7.48958 0.771397 6.84258
7.35282 0.788877 6.82895
8.28595 0.673109 6.91357
8.85461 0.602229 6.95877
6.9313 0.848872 6.77982
7.67601 0.748481 6.86
8.55138 0.638933 6.93599
9.45057 0.554746 6.98624
9.90472 0.546392 6.99084
10.085 0.548537 6.98966
10.2498 0.552571 6.98744
9.22209 0.568 6.9788
7.61559 0.755831 6.85447
7.27002 0.799867 6.82022
8.04559 0.703484 6.89266
8.73937 0.615581 6.95064
9.25305 0.565824 6.98003
9.6733 0.547892 6.99002
10.3751 0.55673 6.98514
6.54976 0.911878 6.72435
9.90229 0.546381 6.99084
10.4089 0.557994 6.98443
10.0538 0.547984 6.98997
7.21732 0.807049 6.81444
8.56761 0.636866 6.93731
9.70562 0.54736 6.99031
6.4589 0.927817 6.70969
9.97742 0.546942 6.99054
7.96768 0.713095 6.88586
8.30025 0.671272 6.91481
10.3345 0.555288 6.98594
9.37869 0.558217 6.98431
8.94245 0.592766 6.96442
8.45707 0.65104 6.92818
9.33401 0.560697 6.98292
10.0182 0.547441 6.99026
10.2391 0.552256 6.98762
9.31796 0.561648 6.98238
10.1644 0.550258 6.98872
10.197 0.551085 6.98826
7.2414 0.803749 6.8171
8.80672 0.607661 6.95548
7.13017 0.819273 6.80451
6.81617 0.867089 6.76419
8.40987 0.657134 6.9242
7.66528 0.749783 6.85902
9.29656 0.562967 6.98164
8.25583 0.67697 6.91096
10.4899 0.56123 6.98262
8.15147 0.690235 6.9019
7.88714 0.722927 6.8788
8.76773 0.61221 6.95271
6.98238 0.84104 6.78643
9.32745 0.561082 6.9827
10.1744 0.550504 6.98858
10.0542 0.54799 6.98996
8.62901 0.629118 6.94221
10.2409 0.552307 6.98759
9.77333 0.546598 6.99072
9.77021 0.546623 6.99071
10.4187 0.558367 6.98422
9.27932 0.564071 6.98102
6.94986 0.846008 6.78224
9.78186 0.546534 6.99076
8.16701 0.688273 6.90325
9.54284 0.551209 6.98819
7.74283 0.740394 6.86602
7.46522 0.774458 6.84022
6.4004 0.938205 6.7
6.6755 0.890327 6.74377
6.49482 0.921484 6.71554
8.09623 0.697174 6.89708
9.85049 0.546282 6.9909
9.75224 0.546785 6.99062
8.39529 0.659018 6.92296
7.61709 0.755648 6.85461
7.55212 0.763621 6.84855
9.01225 0.585771 6.96855
10.3726 0.556639 6.98519
8.81046 0.607231 6.95574
8.82655 0.605391 6.95686
8.48828 0.64702 6.93079
9.15791 0.572886 6.97601
9.8456 0.546285 6.9909
9.45648 0.554489 6.98638
8.01608 0.707136 6.89009
9.15864 0.572827 6.97604
10.0407 0.547772 6.99008
8.06116 0.701548 6.89402
8.41596 0.656347 6.92471
9.89538 0.546354 6.99086
9.23791 0.566873 6.97944
9.61418 0.549158 6.98932
8.75709 0.613469 6.95194
9.64979 0.54835 6.98977
9.44658 0.554922 6.98614
6.43265 0.932467 6.70536
9.19462 0.57003 6.97764
6.88014 0.856872 6.77299
9.37505 0.55841 6.9842
6.73626 0.880166 6.75276
9.3793 0.558185 6.98432
8.33361 0.666978 6.91768
7.9041 0.720864 6.88029
7.08009 0.826499 6.79856
7.71458 0.743809 6.86348
10.2236 0.551812 6.98786
9.03458 0.583641 6.96979
6.96999 0.842925 6.78485
8.79934 0.608514 6.95496
9.3086 0.562218 6.98206
10.2462 0.552464 6.9875
8.81176 0.607081 6.95584
9.64933 0.548359 6.98976
7.40974 0.78151 6.83473
8.12241 0.693894 6.89937
8.48568 0.647354 6.93058
9.51771 0.552072 6.98772
7.19469 0.810181 6.81191
7.44986 0.776398 6.83871
7.05376 0.830361 6.79536
8.6881 0.621795 6.94679
10.0981 0.548791 6.98952
10.2784 0.553441 6.98696
7.40587 0.782006 6.83434
10.1188 0.549215 6.98929
9.95526 0.546727 6.99065
10.4935 0.561381 6.98253
9.69122 0.547584 6.99019
7.9374 0.716802 6.88321
8.76067 0.613044 6.9522
7.25432 0.801992 6.81851
6.32601 0.951524 6.68741
8.30165 0.671092 6.91493
9.15267 0.573306 6.97577
9.06904 0.580461 6.97164
7.77738 0.736219 6.8691
9.10443 0.577334 6.97345
8.70243 0.620044 6.94788
7.98618 0.710822 6.88748
8.42334 0.655394 6.92534
8.79683 0.608806 6.95479
8.44968 0.651993 6.92756
9.59927 0.549539 6.98911
8.42427 0.655275 6.92542
9.72365 0.547111 6.99044
9.00733 0.586248 6.96827
10.3253 0.554974 6.98611
10.1791 0.550621 6.98852
8.42725 0.654889 6.92567
10.1016 0.548861 6.98948
7.93223 0.717433 6.88275
7.98823 0.71057 6.88765
6.96566 0.843587 6.78429
7.47863 0.77277 6.84152
6.78734 0.871768 6.76012
9.27803 0.564155 6.98097
9.64934 0.548359 6.98976
8.46702 0.649758 6.92902
8.28754 0.672905 6.91371
8.36098 0.663447 6.92003
8.71969 0.617949 6.94918
9.45216 0.554676 6.98628
9.4068 0.556784 6.98511
7.57788 0.76045 6.85097
10.2191 0.551687 6.98793
9.61599 0.549114 6.98935
10.2656 0.553046 6.98718
8.72972 0.616739 6.94993
7.31234 0.794207 6.82473
8.0054 0.708455 6.88916
8.55954 0.637893 6.93666
6.38748 0.94051 6.69783
8.47985 0.648104 6.93009
7.22891 0.805457 6.81573
7.93352 0.717276 6.88287
7.93865 0.716649 6.88332
7.87712 0.724145 6.87792
9.77224 0.546606 6.99072
7.61379 0.756051 6.8543
9.62899 0.548805 6.98952
8.76512 0.612517 6.95252
8.0917 0.697741 6.89669
9.20774 0.569049 6.9782
9.55569 0.550796 6.98842
9.43912 0.555256 6.98595
9.27666 0.564244 6.98092
7.74268 0.740413 6.866
9.37453 0.558438 6.98418
6.60172 0.902894 6.7325
7.00673 0.837361 6.78952
8.75709 0.613469 6.95194
9.70411 0.547383 6.9903
8.51548 0.643525 6.93305
9.19186 0.570239 6.97752
9.6406 0.548545 6.98966
7.47741 0.772924 6.8414
7.67889 0.748131 6.86026
6.67319 0.890718 6.74342
7.53415 0.765844 6.84685
6.80003 0.869703 6.76192
9.01785 0.585232 6.96886
9.9309 0.546538 6.99076
7.25551 0.801831 6.81864
8.41195 0.656865 6.92437
8.50023 0.645483 6.93179
7.90525 0.720723 6.88039
8.81901 0.606251 6.95634
6.63221 0.897673 6.7372
9.1546 0.57315 6.97586
10.4586 0.559947 6.98334
9.69953 0.547452 6.99026
8.42768 0.654833 6.92571
7.14464 0.817212 6.80619
7.2054 0.808695 6.81312
7.30204 0.795577 6.82364
8.27915 0.673982 6.91298
10.2333 0.552088 6.98771
8.26222 0.676152 6.91152
8.70559 0.619659 6.94812
9.01055 0.585936 6.96845
9.59151 0.549747 6.989
7.49301 0.770968 6.84291
8.49667 0.645941 6.93149
10.373 0.556653 6.98518
9.74959 0.546812 6.99061
6.34366 0.948353 6.69042
6.84972 0.861703 6.76884
8.23134 0.6801 6.90884
6.40976 0.936538 6.70156
8.39064 0.659618 6.92256
9.27315 0.564475 6.98079
8.62279 0.629897 6.94172
9.08211 0.579289 6.97232
8.34281 0.665792 6.91847
10.3897 0.557269 6.98483
9.52004 0.551989 6.98776
9.97257 0.546892 6.99056
10.2878 0.553741 6.98679
9.36844 0.558764 6.984
8.86622 0.600939 6.95955
8.88764 0.59859 6.96095
10.1718 0.550439 6.98862
9.5801 0.550065 6.98882
10.1119 0.549071 6.98937
8.62677 0.629397 6.94204
8.45024 0.651921 6.92761
8.4817 0.647866 6.93024
9.41217 0.556521 6.98525
8.50461 0.64492 6.93215
7.7399 0.740748 6.86576
9.44778 0.554869 6.98617
6.70934 0.884647 6.74881
7.13423 0.818693 6.80498
7.76446 0.73778 6.86795
8.90112 0.597132 6.96183
9.08951 0.578635 6.9727
9.54734 0.551062 6.98827
9.41314 0.556474 6.98528
8.96108 0.590851 6.96556
7.84012 0.728631 6.87466
8.93926 0.593097 6.96423
7.75709 0.73867 6.86729
7.53651 0.765551 6.84707
7.7716 0.736918 6.86859
6.73587 0.880231 6.75271
7.27744 0.798869 6.82101
8.42272 0.655474 6.92529
9.93543 0.54657 6.99074
7.81107 0.732146 6.87209
6.48791 0.9227 6.71442
9.17301 0.571691 6.97669
9.14644 0.573811 6.97548
8.34608 0.66537 6.91875
6.72821 0.881503 6.75159
9.46753 0.554019 6.98664
9.767 0.546649 6.9907
10.0106 0.547339 6.99032
9.51238 0.552264 6.98761
9.08534 0.579003 6.97249
7.95828 0.714247 6.88504
10.1612 0.55018 6.98876
7.88878 0.722727 6.87894
6.82566 0.865559 6.76551
8.15432 0.689875 6.90215
8.90223 0.597013 6.9619
7.62372 0.754839 6.85522
7.96463 0.713469 6.88559
7.61472 0.755937 6.85439
7.50621 0.769318 6.84418
8.21206 0.682557 6.90717
9.85563 0.546281 6.9909
8.49261 0.646463 6.93115
9.35403 0.559555 6.98356
7.60463 0.757171 6.85346
9.95751 0.546747 6.99064
9.77154 0.546612 6.99072
8.61161 0.6313 6.94084
6.77702 0.873454 6.75865
8.98825 0.588121 6.96717
10.0574 0.548044 6.98993
9.58366 0.549964 6.98888
9.67971 0.547778 6.99008
9.99591 0.547152 6.99042
10.4585 0.559942 6.98334
9.65924 0.548159 6.98987
8.92619 0.594464 6.96342
8.42233 0.655524 6.92525
9.67922 0.547786 6.99007
7.19717 0.809836 6.81219
7.16304 0.81461 6.80831
9.22615 0.567708 6.97896
9.10754 0.577066 6.97361
8.14794 0.69068 6.90159
7.74311 0.740361 6.86604
9.37611 0.558353 6.98423
10.2736 0.553292 6.98704
9.2847 0.563723 6.98122
8.30822 0.670247 6.91549
7.22678 0.805749 6.81549
10.052 0.547954 6.98998
10.3537 0.555961 6.98556
8.95741 0.591226 6.96534
9.51604 0.552132 6.98768
9.16516 0.572308 6.97634
7.81465 0.731714 6.87241
9.08061 0.579423 6.97224
10.4616 0.560069 6.98327
9.19084 0.570316 6.97748
8.09664 0.697124 6.89712
8.91774 0.595357 6.96288
10.1785 0.550607 6.98853
9.33936 0.560387 6.98309
9.58638 0.549888 6.98892
6.62303 0.899241 6.73579
7.56424 0.762127 6.84969
6.48879 0.922546 6.71456
9.02329 0.584711 6.96917
8.4222 0.655541 6.92524
8.27 0.675155 6.91219
9.89352 0.546348 6.99086
8.4953 0.646117 6.93138
8.74629 0.614754 6.95115
7.3381 0.790807 6.82742
7.3564 0.78841 6.82931
9.51111 0.552311 6.98759
9.20887 0.568966 6.97825
8.79593 0.608909 6.95472
6.7932 0.870813 6.76095
8.73788 0.61576 6.95053
9.49199 0.553032 6.98719
9.91011 0.546417 6.99082
