0
0
0
0
0
0
0
0
0
0
0
0
0
0
0
0
0
0
0
0
0
0
0
0
0
0
3.85888e-05
0.00011837
0.000159369
0.000158814
0.000158058
0.000157238
0.000156698
0.000156843
0.000157367
0.000158153
0.00016121
0.000164774
0.000161098
0.000149954
0.000135528
0.00012227
0.000112081
0.000102496
9.38874e-05
8.71192e-05
8.14603e-05
7.57921e-05
7.00679e-05
6.475e-05
5.98835e-05
5.57737e-05
5.25566e-05
4.94745e-05
4.64008e-05
4.35181e-05
4.11644e-05
3.91574e-05
3.7199e-05
3.54286e-05
3.38653e-05
3.23696e-05
3.08739e-05
2.93781e-05
2.78824e-05
2.63867e-05
2.48909e-05
2.33952e-05
2.18994e-05
2.04037e-05
1.8908e-05
1.74122e-05
1.59247e-05
1.46127e-05
1.3695e-05
1.31235e-05
1.2771e-05
1.26099e-05
1.25868e-05
1.26096e-05
1.26324e-05
1.26552e-05
1.2678e-05
1.27008e-05
1.27236e-05
1.27464e-05
1.27693e-05
1.27921e-05
1.28149e-05
1.28377e-05
1.28605e-05
1.28833e-05
1.29061e-05
1.29289e-05
1.29518e-05
1.29746e-05
1.29974e-05
1.30202e-05
1.3043e-05
1.30658e-05
1.30886e-05
1.31114e-05
1.31343e-05
1.31571e-05
1.31799e-05
1.32027e-05
1.32255e-05
1.32483e-05
1.32711e-05
1.32939e-05
1.33168e-05
1.33396e-05
1.33624e-05
1.33852e-05
1.3408e-05
1.34308e-05
1.34536e-05
1.34765e-05
1.34993e-05
1.35221e-05
1.35449e-05
1.35677e-05
1.35905e-05
1.36133e-05
1.36361e-05
1.3659e-05
1.36818e-05
1.37046e-05
1.37274e-05
1.37502e-05
1.3773e-05
1.37958e-05
1.38186e-05
1.38415e-05
1.38643e-05
1.38871e-05
1.39099e-05
1.39327e-05
1.39555e-05
1.45716e-05
1.81688e-05
2.52015e-05
3.45005e-05
5.12914e-05
4.99955e-05
2.7344e-05
8.76019e-06
0
0
0
0
0
0
0
0
0
0
0
0
0
0
0
0
0
0
0
0
0
0
0
0
0
0
0
0
0
0
0
0
0
0
0
0
0
0
0
0
0
0
0
0
0
0
0
0
0
0
0
0
0