%mcmc_id interface             Lv       CURVE1_1 
1            NO_ID            8.5 0.0002171948837 
2            NO_ID    8.660439995 0.0002107725648 
3            NO_ID    8.453173662 0.0002191018411 
4            NO_ID     8.02298426 0.0002364121687 
5            NO_ID    8.163094022 0.0002308731396 
6            NO_ID    8.042848741 0.0002356342278 
7            NO_ID    8.150281163 0.0002313847284 
8            NO_ID    8.477277734 0.000218119301 
9            NO_ID     8.52052421 0.0002163619008 
10           NO_ID    8.418609974 0.0002205128314 
11           NO_ID    8.163946951 0.0002308390488 
12           NO_ID    8.428248135 0.000220119217 
13           NO_ID    8.403056233 0.0002211481437 
14           NO_ID    8.197755179 0.0002294843139 
15           NO_ID    8.196064374 0.0002295522232 
16           NO_ID    8.109365222 0.0002330116499 
17           NO_ID    8.249202567 0.0002274106218 
18           NO_ID    8.580009948 0.0002139628584 
19           NO_ID    8.509871572 0.0002167939739 
20           NO_ID    8.573236363 0.000214234648 
21           NO_ID    8.664987094 0.0002105946004 
22           NO_ID    8.861582486 0.0002032619223 
23           NO_ID    8.676778217 0.0002101345088 
24           NO_ID    8.437046999 0.0002197599649 
25           NO_ID    8.774729014 0.0002064029034 
26           NO_ID    8.756971798 0.0002070660367 
27           NO_ID    8.513971125 0.0002166276233 
28           NO_ID    8.171945434 0.0002305191457 
29           NO_ID    8.311326492 0.0002248901348 
30           NO_ID     8.65098854 0.0002111433944 
31           NO_ID    8.075185148 0.0002343627218 
32           NO_ID    8.117383269 0.0002326936525 
33           NO_ID    8.143530431 0.000231653868 
34           NO_ID    8.244026372 0.0002276198725 
35           NO_ID    8.507820036 0.000216877253 
36           NO_ID      8.6745512 0.0002102212507 
37           NO_ID    8.656123743 0.0002109417619 
38           NO_ID    8.656932492 0.0002109100393 
39           NO_ID    8.581134253 0.0002139177855 
40           NO_ID    8.564174721 0.0002145988634 
41           NO_ID    8.830699748 0.0002043579918 
42           NO_ID    8.829983916 0.0002043836819 
43           NO_ID    8.552041339 0.0002150875788 
44           NO_ID    8.715764396 0.0002086286909 
45           NO_ID    8.609565422 0.0002127820523 
46           NO_ID    8.619369912 0.0002123923546 
47           NO_ID    8.857852179 0.0002033930163 
48           NO_ID    8.992899572 0.0001989004176 
49           NO_ID    8.777967998 0.000206282655 
50           NO_ID    8.858301445 0.0002033772085 
51           NO_ID    8.914366752 0.0002014475214 
52           NO_ID    8.984859305 0.0001991522536 
53           NO_ID    8.819333296 0.0002047673861 
54           NO_ID    8.043118951 0.0002356236294 
55           NO_ID    8.308413056 0.0002250086685 
56           NO_ID     8.43749733 0.0002197415809 
57           NO_ID    8.167990363 0.0002306773783 
58           NO_ID     8.08691505 0.0002338998858 
59           NO_ID    8.647267359 0.0002112897268 
60           NO_ID    8.590840133 0.000213529169 
61           NO_ID    8.819590215 0.000204758098 
62           NO_ID    8.874254568 0.0002028193403 
63           NO_ID    8.840522655 0.0002040067437 
64           NO_ID    8.745835105 0.0002074851814 
65           NO_ID    8.726693827 0.000208211155 
66           NO_ID    8.903740851 0.0002018064936 
67           NO_ID    8.911960087 0.0002015285391 
68           NO_ID    8.971555231 0.0001995735631 
69           NO_ID     8.86688266 0.0002030762891 
70           NO_ID    8.781174739 0.0002061638246 
71           NO_ID    8.649359286 0.0002112074408 
72           NO_ID    8.826708148 0.0002045014035 
73           NO_ID    8.529362416 0.0002160039064 
74           NO_ID    8.245574776 0.0002275572909 
75           NO_ID    8.392906565 0.0002215627285 
76           NO_ID    8.562966528 0.0002146474758 
77           NO_ID    8.922708845 0.0002011680061 
78           NO_ID    8.759207924 0.0002069821744 
79           NO_ID    8.777833623 0.0002062876393 
80           NO_ID    8.281454905 0.0002261040365 
81           NO_ID    8.148801717 0.0002314437351 
82           NO_ID    8.074133389 0.0002344041799 
83           NO_ID    8.146596311 0.0002315316714 
84           NO_ID    8.313720146 0.0002247927279 
85           NO_ID    8.879976866 0.0002026209001 
86           NO_ID    8.624086685 0.0002122052656 
87           NO_ID    8.700416936 0.0002092185144 
88           NO_ID    8.498403283 0.0002172597736 
89           NO_ID    8.200983861 0.0002293545927 
90           NO_ID    8.052299888 0.0002352632623 
91           NO_ID    8.019904252 0.0002365325791 
92           NO_ID    8.025382265 0.0002363183819 
93           NO_ID    8.293767872 0.0002256040684 
94           NO_ID     8.67396373 0.0002102441448 
95           NO_ID    8.741173908 0.0002076613302 
96           NO_ID    8.800276058 0.0002054606617 
97           NO_ID    8.662977837 0.0002106732027 
98           NO_ID    8.637940088 0.0002116573079 
99           NO_ID    8.679003375 0.0002100479138 
100          NO_ID    8.562714928 0.0002146576005 
101          NO_ID    8.485300729 0.0002177926679 
102          NO_ID    8.478198437 0.0002180818056 
103          NO_ID    8.338086873 0.0002238001902 
104          NO_ID    8.699686877 0.0002092466702 
105          NO_ID    8.576728721 0.0002140944666 
106          NO_ID    8.905888541 0.0002017336763 
107          NO_ID    8.968018964 0.0001996865028 
108          NO_ID    8.744108884 0.0002075503673 
109          NO_ID    8.861576331 0.0002032621383 
110          NO_ID    8.947374513 0.0002003536931 
111          NO_ID    8.877839359 0.0002026949212 
112          NO_ID    8.579741528 0.0002139736209 
113          NO_ID    8.752835766 0.000207221416 
114          NO_ID    8.777581145 0.0002062970053 
115          NO_ID    8.304425626 0.0002251708518 
116          NO_ID    8.087300905 0.0002338846462 
117          NO_ID    8.312571778 0.0002248394616 
118          NO_ID      8.6016446 0.0002130976431 
119          NO_ID    8.659314642 0.0002108166538 
120          NO_ID    8.141330412 0.0002317415184 
121          NO_ID      8.0528838 0.0002352403253 
122          NO_ID    8.050179854 0.0002353465228 
123          NO_ID     8.30588651 0.0002251114386 
124          NO_ID    8.448629636 0.0002192872314 
125          NO_ID    8.109693269 0.0002329986474 
126          NO_ID    8.188927683 0.0002298386818 
127          NO_ID    8.259379255 0.0002269988528 
128          NO_ID    8.485545583 0.0002177827031 
129          NO_ID    8.966107381 0.0001997477194 
130          NO_ID    8.964213978 0.0001998084679 
131          NO_ID    8.883581993 0.0002024963389 
132          NO_ID    8.518265492 0.0002164534634 
133          NO_ID    8.955458009 0.0002000908638 
134          NO_ID    8.730514016 0.0002080657204 
135          NO_ID    8.841979865 0.0002039548418 
136          NO_ID    8.652425194 0.0002110869485 
137          NO_ID     8.23814138 0.0002278576179 
138          NO_ID    8.006170301 0.000237068824 
139          NO_ID    8.380658961 0.0002220629463 
140          NO_ID    8.304434731 0.0002251704816 
141          NO_ID    8.197504207 0.0002294943949 
142          NO_ID    8.130476375 0.0002321735142 
143          NO_ID    8.523633501 0.0002162359055 
144          NO_ID    8.662111153 0.0002107071251 
145          NO_ID    8.172910374 0.0002304805267 
146          NO_ID    8.451983742 0.000219150384 
147          NO_ID    8.525023078 0.000216179615 
148          NO_ID    8.901032743 0.0002018984999 
149          NO_ID    8.554928958 0.0002149711666 
150          NO_ID    8.182546657 0.0002300945612 
151          NO_ID    8.384987776 0.0002218861602 
152          NO_ID    8.605425445 0.0002129469193 
153          NO_ID    8.796778266 0.0002055888155 
154          NO_ID    8.746167969 0.0002074726183 
155          NO_ID     8.12532165 0.0002323784189 
156          NO_ID     8.26475718 0.0002267810591 
157          NO_ID    8.481000411 0.0002179677142 
158          NO_ID    8.477863219 0.000218095457 
159          NO_ID    8.243738845 0.0002276314922 
160          NO_ID    8.844354307 0.0002038703853 
161          NO_ID    8.302659928 0.0002252426518 
162          NO_ID    8.745389826 0.0002075019906 
163          NO_ID    8.805359667 0.0002052749025 
164          NO_ID    8.674391281 0.0002102274823 
165          NO_ID    8.286117429 0.0002259147843 
166          NO_ID    8.378508701 0.0002221507555 
167          NO_ID    8.156864743 0.0002311219849 
168          NO_ID    8.641187556 0.0002115292007 
169          NO_ID    8.812534111 0.0002050137574 
170          NO_ID    8.487119544 0.0002177186532 
171          NO_ID    8.849001501 0.0002037055033 
172          NO_ID     8.58825567 0.000213632562 
173          NO_ID    8.166799127 0.0002307250185 
174          NO_ID    8.834985538 0.0002042044458 
175          NO_ID    8.454306745 0.0002190556198 
176          NO_ID    8.252471357 0.0002272784129 
177          NO_ID    8.991856434 0.0001989329712 
178          NO_ID    8.480362872 0.0002179936712 
179          NO_ID    8.253049484 0.0002272550248 
180          NO_ID    8.722734078 0.0002083621825 
181          NO_ID    8.862066999 0.0002032449219 
182          NO_ID    8.501062779 0.0002171516993 
183          NO_ID     8.08277464 0.0002340633554 
184          NO_ID    8.472193068 0.0002183264233 
185          NO_ID    8.300649065 0.000225324408 
186          NO_ID    8.334438182 0.0002239489162 
187          NO_ID    8.094088143 0.0002336164274 
188          NO_ID    8.150754535 0.0002313658454 
189          NO_ID    8.654010333 0.0002110247011 
190          NO_ID    8.693573841 0.0002094827708 
191          NO_ID    8.706280241 0.0002089927082 
192          NO_ID    8.197002746 0.0002295145365 
193          NO_ID    8.104066393 0.0002332215817 
194          NO_ID     8.61641911 0.0002125095267 
195          NO_ID    8.181707574 0.0002301281909 
196          NO_ID     8.23828016 0.0002278520133 
197          NO_ID    8.888772188 0.000202317641 
198          NO_ID    8.684661493 0.0002098280601 
199          NO_ID    8.288448835 0.0002258201202 
200          NO_ID    8.309367556 0.0002249698375 
201          NO_ID     8.64935065 0.0002112077804 
202          NO_ID    8.814674155 0.0002049360941 
203          NO_ID    8.521536899 0.0002163208583 
204          NO_ID    8.253848133 0.000227222713 
205          NO_ID    8.461482824 0.0002187629598 
206          NO_ID    8.810288539 0.0002050953659 
207          NO_ID    8.248109534 0.000227454819 
208          NO_ID    8.420218643 0.0002204471295 
209          NO_ID    8.532606794 0.0002158726102 
210          NO_ID    8.832240132 0.0002043027527 
211          NO_ID    8.265917746 0.0002267340418 
212          NO_ID    8.395378056 0.0002214617776 
213          NO_ID     8.78433733 0.0002060468474 
214          NO_ID    8.540786716 0.0002155418786 
215          NO_ID    8.208557397 0.0002290500771 
216          NO_ID     8.08588091 0.0002339407253 
217          NO_ID    8.069498878 0.0002345867807 
218          NO_ID    8.283482825 0.0002260217337 
219          NO_ID    8.060786431 0.0002349296923 
220          NO_ID    8.314960243 0.0002247422565 
221          NO_ID    8.171886853  0.00023052149 
222          NO_ID    8.440708394 0.0002196105041 
223          NO_ID    8.369987915 0.0002224986663 
224          NO_ID    8.501347894 0.000217140115 
225          NO_ID    8.454502249 0.000219047645 
226          NO_ID    8.336183723 0.0002238777695 
227          NO_ID    8.667895424 0.0002104809286 
228          NO_ID    8.016887452 0.0002366504646 
229          NO_ID    8.332896872 0.0002240117321 
230          NO_ID    8.013767271 0.0002367723339 
231          NO_ID    8.143649533 0.000231649122 
232          NO_ID    8.263777787 0.0002268207319 
233          NO_ID    8.983152481 0.0001992059855 
234          NO_ID    8.887255104 0.0002023697969 
235          NO_ID    8.293022885 0.0002256343352 
236          NO_ID    8.499388735 0.0002172197239 
237          NO_ID    8.543801438 0.0002154200998 
238          NO_ID    8.332419424 0.0002240311893 
239          NO_ID     8.49631627 0.0002173446061 
240          NO_ID    8.454225488 0.0002190589343 
241          NO_ID     8.78084681 0.0002061759663 
242          NO_ID    8.314375225 0.0002247660671 
243          NO_ID    8.522228433 0.0002162928351 
244          NO_ID    8.892240532 0.0002021986434 
245          NO_ID    8.601504719 0.0002131032224 
246          NO_ID    8.488342237 0.0002176689043 
247          NO_ID    8.454184205 0.0002190606183 
248          NO_ID    8.918934036 0.000201294234 
249          NO_ID    8.813421092 0.0002049815554 
250          NO_ID    8.335163471 0.000223919355 
251          NO_ID    8.754008244 0.0002071773346 
252          NO_ID    8.808009954 0.0002051782945 
253          NO_ID    8.906678792 0.0002017069162 
254          NO_ID    8.765035201 0.0002067641081 
255          NO_ID    8.420335816 0.0002204423439 
256          NO_ID    8.869297985 0.0002029919422 
257          NO_ID    8.722012717 0.000208389726 
258          NO_ID    8.461831266 0.0002187487527 
259          NO_ID    8.901782184 0.0002018730172 
260          NO_ID     8.25006744 0.0002273756462 
261          NO_ID    8.156378309 0.000231141407 
262          NO_ID     8.62035467 0.0002123532733 
263          NO_ID    8.739174797 0.0002077370049 
264          NO_ID    8.691340967 0.0002095691604 
265          NO_ID    8.709517763 0.0002088682735 
266          NO_ID    8.685457827 0.0002097971571 
267          NO_ID    8.252369274 0.0002272825425 
268          NO_ID    8.175485777 0.0002303774266 
269          NO_ID    8.245283216 0.0002275690758 
270          NO_ID    8.702264748 0.0002091472901 
271          NO_ID       8.819219 0.0002047715186 
272          NO_ID    8.123244887 0.0002324609252 
273          NO_ID    8.152019682 0.0002313153716 
274          NO_ID    8.514346563 0.0002166123933 
275          NO_ID    8.709244013 0.0002088787882 
276          NO_ID     8.34913299 0.0002233497447 
277          NO_ID    8.421886536 0.0002203790106 
278          NO_ID    8.605673201 0.0002129370477 
279          NO_ID    8.937648482 0.0002006725922 
280          NO_ID    8.791753387 0.000205773401 
281          NO_ID    8.742369878 0.0002076160941 
282          NO_ID    8.849078696 0.0002037027691 
283          NO_ID     8.50479534 0.000217000074 
284          NO_ID    8.992791661 0.0001989037835 
285          NO_ID    8.892610968 0.0002021859537 
286          NO_ID    8.615646475 0.0002125402232 
287          NO_ID    8.978783475 0.0001993439541 
288          NO_ID    8.828486021 0.0002044374794 
289          NO_ID    8.742157561 0.0002076241227 
290          NO_ID    8.664468538 0.0002106148809 
291          NO_ID    8.139596187 0.0002318105902 
292          NO_ID    8.006484701 0.0002370565604 
293          NO_ID    8.435216095 0.0002198347112 
294          NO_ID    8.324286098 0.0002243625473 
295          NO_ID    8.363666977 0.0002227566955 
296          NO_ID    8.122591523 0.0002324868767 
297          NO_ID    8.649516265 0.0002112012684 
298          NO_ID    8.721131155 0.0002084233991 
299          NO_ID    8.524139185 0.0002162154194 
300          NO_ID    8.027915614 0.0002362192648 
301          NO_ID    8.185842455 0.0002299624289 
302          NO_ID    8.096976531 0.0002335021962 
303          NO_ID    8.163132444 0.000230871604 
304          NO_ID    8.050200887 0.0002353456969 
305          NO_ID     8.14222276 0.0002317059702 
306          NO_ID    8.280346254 0.0002261490238 
307          NO_ID    8.864065696 0.0002031748578 
308          NO_ID    8.512671757 0.0002166803393 
309          NO_ID    8.753361589 0.0002072016434 
310          NO_ID    8.205312118 0.0002291806017 
311          NO_ID    8.264771829 0.0002267804656 
312          NO_ID    8.588840702 0.0002136091518 
313          NO_ID    8.753437882 0.000207198775 
314          NO_ID    8.506275929 0.0002169399475 
315          NO_ID    8.866041404 0.0002031057035 
316          NO_ID    8.112902976 0.0002328713914 
317          NO_ID    8.179831373 0.0002302033725 
318          NO_ID    8.520551251 0.0002163608048 
319          NO_ID    8.107616062 0.0002330809685 
320          NO_ID    8.124652864 0.0002324049916 
321          NO_ID    8.845151244 0.000203842071 
322          NO_ID    8.759870563 0.0002069573425 
323          NO_ID    8.840813171 0.0002039963921 
324          NO_ID    8.875596087 0.0002027727387 
325          NO_ID    8.799417341 0.0002054920982 
326          NO_ID    8.410343165 0.0002208504904 
327          NO_ID    8.871435701  0.00020291742 
328          NO_ID    8.568376607 0.000214429891 
329          NO_ID    8.929867763 0.0002009297749 
330          NO_ID     8.70305252 0.0002091169424 
331          NO_ID    8.444729144 0.0002194463996 
332          NO_ID    8.191210258 0.0002297470935 
333          NO_ID    8.460561484 0.0002188005274 
334          NO_ID    8.899903684 0.0002019369207 
335          NO_ID    8.894837862 0.0002021097503 
336          NO_ID    8.928581207 0.0002009724758 
337          NO_ID    8.721377553 0.0002084139861 
338          NO_ID    8.256463301 0.0002271168873 
339          NO_ID    8.797869549 0.0002055488029 
340          NO_ID      8.6498725 0.0002111872624 
341          NO_ID    8.909884349 0.0002015985515 
342          NO_ID    8.418127246 0.0002205325475 
343          NO_ID    8.669393856 0.0002104224101 
344          NO_ID     8.27430445 0.0002263941021 
345          NO_ID    8.390786633 0.0002216493176 
346          NO_ID    8.357686414 0.0002230007738 
347          NO_ID     8.77909458 0.0002062408828 
348          NO_ID    8.451772123 0.0002191590174 
349          NO_ID    8.030703181 0.0002361101574 
350          NO_ID     8.70127661 0.000209185371 
351          NO_ID    8.069459867 0.0002345883171 
352          NO_ID    8.020899599 0.0002364936729 
353          NO_ID    8.292707881 0.0002256471323 
354          NO_ID    8.060252032 0.0002349507103 
355          NO_ID    8.499499946 0.0002172152045 
356          NO_ID    8.349162944 0.0002233485229 
357          NO_ID    8.578133134 0.0002140381246 
358          NO_ID    8.074288895 0.0002343980506 
359          NO_ID    8.453224936 0.0002190997494 
360          NO_ID    8.321252145 0.0002244861054 
361          NO_ID    8.174137723 0.0002304313976 
362          NO_ID    8.396485959 0.0002214165233 
363          NO_ID    8.541083948 0.0002155298692 
364          NO_ID    8.683024926 0.0002098916006 
365          NO_ID     8.02812804 0.0002362109519 
366          NO_ID    8.075692792 0.000234342709 
367          NO_ID    8.027142747 0.0002362495072 
368          NO_ID    8.334673741 0.0002239393154 
369          NO_ID    8.137441343 0.0002318963889 
370          NO_ID     8.47284675 0.0002182997911 
371          NO_ID    8.664914067 0.0002105974562 
372          NO_ID     8.74784221 0.0002074094612 
373          NO_ID    8.988699313 0.0001990317141 
374          NO_ID    8.898191622 0.0002019952495 
375          NO_ID    8.710768109 0.000208820264 
376          NO_ID    8.587815531 0.0002136501764 
377          NO_ID    8.640953592 0.0002115384257 
378          NO_ID    8.927230077 0.0002010173731 
379          NO_ID    8.701400702 0.0002091805878 
380          NO_ID     8.75454661 0.0002071571029 
381          NO_ID     8.44188678 0.0002195624061 
382          NO_ID    8.114365997 0.0002328133653 
383          NO_ID    8.279204395 0.0002261953535 
384          NO_ID    8.777282521 0.000206308085 
385          NO_ID     8.61221108 0.0002126767906 
386          NO_ID    8.511839519 0.0002167141082 
387          NO_ID    8.412134152 0.0002207773347 
388          NO_ID    8.674082854 0.000210239502 
389          NO_ID    8.631818885 0.0002118991381 
390          NO_ID     8.26653376 0.0002267090832 
391          NO_ID    8.290201977 0.0002257489219 
392          NO_ID    8.599484415 0.0002131838258 
393          NO_ID    8.814984234 0.0002049248502 
394          NO_ID    8.805303946 0.0002052769354 
395          NO_ID    8.358998012  0.00022294725 
396          NO_ID    8.829292638 0.0002044085026 
397          NO_ID    8.880166473  0.00020261434 
398          NO_ID    8.564021515 0.0002146050271 
399          NO_ID    8.142493864 0.0002316951693 
400          NO_ID    8.684337619 0.0002098406314 
401          NO_ID    8.666746994 0.0002105258004 
402          NO_ID    8.455185632 0.0002190197697 
403          NO_ID    8.443035091 0.0002195155379 
404          NO_ID     8.42039186 0.000220440055 
405          NO_ID    8.674368112 0.0002102283852 
406          NO_ID     8.84573316 0.0002038214064 
407          NO_ID    8.822080029 0.000204668169 
408          NO_ID    8.939892988 0.0002005987427 
409          NO_ID    8.764993269 0.0002067656748 
410          NO_ID    8.648460466 0.0002112427888 
411          NO_ID    8.498621987 0.0002172508849 
412          NO_ID    8.786661371 0.0002059610249 
413          NO_ID    8.753173318 0.0002072087223 
414          NO_ID     8.86152192 0.0002032640478 
415          NO_ID    8.743296521 0.0002075810638 
416          NO_ID    8.759406016 0.0002069747501 
417          NO_ID    8.782926399 0.0002060990078 
418          NO_ID    8.740222682 0.0002076973286 
419          NO_ID    8.219900764 0.0002285933984 
420          NO_ID     8.46934626 0.0002184424231 
421          NO_ID    8.124042648 0.0002324292347 
422          NO_ID    8.148684836 0.0002314483963 
423          NO_ID    8.536469667 0.0002157163714 
424          NO_ID    8.138946926 0.0002318364446 
425          NO_ID    8.062972794 0.0002348436838 
426          NO_ID    8.164932576 0.0002307996489 
427          NO_ID    8.381486469 0.0002220291526 
428          NO_ID    8.644539449 0.0002113971155 
429          NO_ID     8.46700393 0.000218537885 
430          NO_ID    8.359938068 0.0002229088864 
431          NO_ID    8.527256819 0.0002160891521 
432          NO_ID     8.35099462 0.0002232738041 
433          NO_ID    8.350149496 0.0002233082797 
434          NO_ID    8.582950655 0.000213844991 
435          NO_ID    8.667061537 0.0002105135085 
436          NO_ID    8.473897342 0.0002182569909 
437          NO_ID    8.611353649 0.0002127108965 
438          NO_ID    8.309639126 0.000224958789 
439          NO_ID    8.731958761 0.0002080107887 
440          NO_ID    8.466905856 0.0002185418823 
441          NO_ID    8.621368248 0.0002123130599 
442          NO_ID    8.798921877 0.000205510244 
443          NO_ID    8.998934287 0.000198712792 
444          NO_ID    8.489382547 0.0002176265808 
445          NO_ID    8.350716511 0.0002232851494 
446          NO_ID    8.463283632 0.0002186895384 
447          NO_ID    8.789874362 0.0002058425702 
448          NO_ID    8.699503606 0.0002092537397 
449          NO_ID    8.620834123 0.0002123342497 
450          NO_ID    8.299236965 0.0002253818115 
451          NO_ID    8.638464381 0.0002116366164 
452          NO_ID    8.693536332 0.0002094842213 
453          NO_ID    8.642445423 0.0002114796161 
454          NO_ID    8.731011387 0.0002080468051 
455          NO_ID     8.58006833 0.0002139605176 
456          NO_ID    8.255590732 0.0002271522003 
457          NO_ID    8.095372652 0.0002335656336 
458          NO_ID    8.039173585 0.0002357783343 
459          NO_ID    8.667993356 0.000210477103 
460          NO_ID    8.567797487 0.0002144531708 
461          NO_ID    8.863692042 0.0002031879482 
462          NO_ID    8.599313889 0.0002131906312 
463          NO_ID    8.833982675 0.0002042403345 
464          NO_ID    8.952683156 0.000200180858 
465          NO_ID    8.447102214 0.0002193495577 
466          NO_ID    8.700079231 0.0002092315374 
467          NO_ID     8.89637307 0.0002020572974 
468          NO_ID    8.564329905 0.0002145926203 
469          NO_ID    8.227469576 0.0002282883002 
470          NO_ID    8.575966668 0.0002141250459 
471          NO_ID     8.73209379 0.0002080056567 
472          NO_ID    8.647345834 0.0002112866389 
473          NO_ID    8.056108425 0.0002351136196 
474          NO_ID    8.209428948 0.0002290150136 
475          NO_ID    8.651512327 0.0002111228117 
476          NO_ID     8.95689259 0.0002000444315 
477          NO_ID    8.135897654 0.0002319578358 
478          NO_ID    8.043141038 0.0002356227631 
479          NO_ID    8.429729245 0.0002200587376 
480          NO_ID    8.479700848 0.0002180206267 
481          NO_ID    8.381200985 0.0002220408113 
482          NO_ID    8.318003234 0.0002246183876 
483          NO_ID    8.059190163 0.0002349924686 
484          NO_ID    8.027481928 0.0002362362354 
485          NO_ID    8.449763765 0.0002192409564 
486          NO_ID     8.91898737 0.0002012924476 
487          NO_ID    8.992086325 0.0001989257939 
488          NO_ID    8.989375439  0.00019901054 
489          NO_ID    8.694556157 0.0002094447904 
490          NO_ID    8.572426256 0.0002142671804 
491          NO_ID    8.566153612 0.0002145192672 
492          NO_ID      8.6493253 0.0002112087772 
493          NO_ID    8.481670884 0.0002179404178 
494          NO_ID    8.185089614 0.0002299926167 
495          NO_ID      8.1534901 0.0002312566961 
496          NO_ID    8.125547065 0.0002323694619 
497          NO_ID    8.053116059 0.0002352312013 
498          NO_ID    8.542349495 0.0002154787428 
499          NO_ID    8.707083765 0.0002089618081 
500          NO_ID    8.253752428 0.0002272265852 
