8.5 0.645513 6.93177
8.66044 0.625204 6.94467
8.45317 0.651543 6.92786
8.02298 0.706283 6.89069
8.16309 0.688767 6.90291
8.04285 0.703823 6.89243
8.15028 0.690385 6.90179
8.47728 0.648436 6.92987
8.52052 0.642879 6.93346
8.41861 0.656005 6.92494
8.16395 0.688659 6.90298
8.42825 0.65476 6.92575
8.40306 0.658014 6.92362
8.19776 0.684375 6.90592
8.19606 0.68459 6.90578
8.10937 0.69553 6.89823
8.2492 0.677818 6.91039
8.58001 0.635292 6.93831
8.50987 0.644245 6.93258
8.57324 0.636152 6.93776
8.66499 0.624641 6.94502
8.86158 0.601453 6.95924
8.67678 0.623186 6.94593
8.43705 0.653624 6.9265
8.77473 0.611386 6.95321
8.75697 0.613483 6.95193
8.51397 0.643719 6.93292
8.17195 0.687648 6.90368
8.31133 0.669847 6.91576
8.65099 0.626376 6.94394
8.07519 0.699802 6.89525
8.11738 0.694524 6.89893
8.14353 0.691236 6.90121
8.24403 0.67848 6.90994
8.50782 0.644508 6.93241
8.67455 0.62346 6.94576
8.65612 0.625739 6.94433
8.65693 0.625638 6.9444
8.58113 0.63515 6.9384
8.56417 0.637304 6.93703
8.8307 0.604919 6.95715
8.82998 0.605 6.9571
8.55204 0.638849 6.93605
8.71576 0.618424 6.94889
8.60957 0.631558 6.94068
8.61937 0.630326 6.94145
8.85785 0.601868 6.95899
8.9929 0.587661 6.96744
8.77797 0.611005 6.95345
8.8583 0.601818 6.95902
8.91437 0.595715 6.96267
8.98486 0.588457 6.96697
8.81933 0.606214 6.95636
8.04312 0.70379 6.89245
8.30841 0.670222 6.91551
8.4375 0.653566 6.92653
8.16799 0.688148 6.90334
8.08692 0.698339 6.89627
8.64727 0.626839 6.94365
8.59084 0.633921 6.93918
8.81959 0.606184 6.95638
8.87425 0.600053 6.96008
8.84052 0.603808 6.95782
8.74584 0.614808 6.95111
8.1815 0.686438 6.90451
8.72669 0.617104 6.9497
8.90374 0.59685 6.96199
8.91196 0.595972 6.96252
8.97156 0.589789 6.96618
8.86688 0.600866 6.95959
8.78117 0.61063 6.95368
8.64936 0.626579 6.94381
8.82671 0.605373 6.95687
8.52936 0.641747 6.93419
8.24557 0.678282 6.91008
8.39291 0.659325 6.92275
8.56297 0.637457 6.93693
8.92271 0.594831 6.9632
8.75921 0.613217 6.95209
8.77783 0.611021 6.95344
8.28145 0.673686 6.91318
8.1488 0.690572 6.90166
8.07413 0.699933 6.89516
8.1466 0.69085 6.90147
8.31372 0.669539 6.91597
8.87998 0.599426 6.96045
8.62409 0.629734 6.94183
8.70042 0.620289 6.94773
8.4984 0.645718 6.93163
8.20098 0.683965 6.90621
8.0523 0.70265 6.89325
8.0199 0.706664 6.89042
8.02538 0.705987 6.8909
8.29377 0.672105 6.91425
8.67396 0.623533 6.94571
8.74117 0.615365 6.95077
8.80028 0.608406 6.95503
8.66298 0.624889 6.94487
8.63794 0.628001 6.94292
8.679 0.622912 6.9461
8.56271 0.637489 6.93691
8.4853 0.647403 6.93054
8.4782 0.648318 6.92995
8.33809 0.666401 6.91806
8.69969 0.620378 6.94767
8.57673 0.635708 6.93805
8.90589 0.59662 6.96213
8.96802 0.590146 6.96597
8.74411 0.615014 6.95099
8.86158 0.601454 6.95924
8.94737 0.592256 6.96473
8.87784 0.59966 6.96031
8.57974 0.635326 6.93829
8.75284 0.613974 6.95163
8.77758 0.611051 6.95342
8.30443 0.670735 6.91517
8.0873 0.698291 6.8963
8.31257 0.669687 6.91587
8.60164 0.632556 6.94005
8.65931 0.625343 6.94458
8.14133 0.691513 6.90101
8.05288 0.702578 6.8933
8.05018 0.702913 6.89307
8.30589 0.670547 6.91529
8.44863 0.652129 6.92747
8.10969 0.695489 6.89826
8.18893 0.685496 6.90516
8.25938 0.676516 6.91127
8.48555 0.647372 6.93056
8.96611 0.59034 6.96586
8.96421 0.590532 6.96575
8.88358 0.599032 6.96069
8.51827 0.643168 6.93328
8.95546 0.591425 6.96522
8.73051 0.616644 6.94998
8.84198 0.603644 6.95792
8.65243 0.626198 6.94405
8.23814 0.679231 6.90943
8.00617 0.70836 6.88922
8.38066 0.660907 6.92171
8.30443 0.670734 6.91517
8.1975 0.684407 6.9059
8.13048 0.692879 6.90007
8.52363 0.64248 6.93372
8.66211 0.624997 6.9448
8.17291 0.687526 6.90376
8.45198 0.651697 6.92776
8.52502 0.642302 6.93383
8.90103 0.597141 6.96182
8.55493 0.638481 6.93628
8.18255 0.686305 6.9046
8.38499 0.660348 6.92208
8.60543 0.63208 6.94035
8.79678 0.608811 6.95478
8.74617 0.614768 6.95114
8.12532 0.693527 6.89962
8.26476 0.675827 6.91174
8.481 0.647957 6.93019
8.47786 0.648361 6.92992
8.24374 0.678516 6.90992
8.84435 0.603377 6.95808
8.30266 0.670962 6.91501
8.74539 0.614861 6.95108
8.80536 0.607819 6.95539
8.67439 0.62348 6.94575
8.28612 0.673088 6.91359
8.37851 0.661185 6.92153
8.15686 0.689554 6.90237
8.64119 0.627596 6.94317
8.81253 0.606993 6.95589
8.48712 0.647169 6.9307
8.849 0.602856 6.95839
8.58826 0.634248 6.93897
8.1668 0.688299 6.90323
8.83499 0.604433 6.95744
8.45431 0.651397 6.92795
8.25247 0.6774 6.91067
8.99186 0.587764 6.96738
8.48036 0.648039 6.93013
8.25305 0.677326 6.91072
8.72273 0.617581 6.94941
8.86207 0.601399 6.95927
8.50106 0.645376 6.93185
8.08277 0.698856 6.89591
8.47219 0.649091 6.92945
8.30065 0.671221 6.91484
8.33444 0.666871 6.91775
8.09409 0.697442 6.8969
8.15075 0.690325 6.90183
8.65401 0.626001 6.94417
8.69357 0.621125 6.94721
8.70628 0.619575 6.94817
8.197 0.684471 6.90586
8.10407 0.696194 6.89777
8.61642 0.630696 6.94122
8.18171 0.686412 6.90453
8.23828 0.679214 6.90944
8.88877 0.598467 6.96103
8.68466 0.622217 6.94653
8.28845 0.672788 6.91379
8.30937 0.670099 6.91559
8.64935 0.62658 6.94381
8.81467 0.606747 6.95604
8.52154 0.642749 6.93355
8.25385 0.677224 6.91079
8.46148 0.650472 6.92855
8.81029 0.607251 6.95573
8.24811 0.677958 6.9103
8.42022 0.655797 6.92507
8.53261 0.641331 6.93446
8.83224 0.604744 6.95725
8.26592 0.675678 6.91184
8.39538 0.659006 6.92296
8.78434 0.61026 6.9539
8.54079 0.640286 6.93513
8.20856 0.683002 6.90686
8.08588 0.698468 6.89618
8.0695 0.700511 6.89475
8.28348 0.673426 6.91336
8.06079 0.701595 6.89399
8.31496 0.66938 6.91607
8.17189 0.687655 6.90367
8.44071 0.653152 6.92681
8.36999 0.662285 6.9208
8.50135 0.64534 6.93188
8.4545 0.651372 6.92797
8.33618 0.666646 6.9179
8.6679 0.624281 6.94525
8.01689 0.707037 6.89016
8.3329 0.66707 6.91762
8.01377 0.707422 6.88989
8.14365 0.691221 6.90122
8.26378 0.675952 6.91165
8.98315 0.588627 6.96687
8.88726 0.598632 6.96093
8.29302 0.672201 6.91418
8.49939 0.645591 6.93172
8.5438 0.6399 6.93537
8.33242 0.667131 6.91758
8.49632 0.645986 6.93146
8.45423 0.651407 6.92794
8.78085 0.610668 6.95365
8.31438 0.669455 6.91602
8.52223 0.64266 6.9336
8.89224 0.598091 6.96125
8.6015 0.632574 6.94003
8.48834 0.647012 6.9308
8.45418 0.651413 6.92794
8.91893 0.595231 6.96296
8.81342 0.606891 6.95595
8.33516 0.666777 6.91781
8.75401 0.613835 6.95171
8.80801 0.607513 6.95557
8.90668 0.596536 6.96218
8.76504 0.612528 6.95251
8.42034 0.655782 6.92508
8.8693 0.600599 6.95975
8.72201 0.617668 6.94935
8.46183 0.650427 6.92858
8.90178 0.597061 6.96187
8.25007 0.677707 6.91047
8.15638 0.689616 6.90232
8.62035 0.630202 6.94153
8.73917 0.615604 6.95062
8.69134 0.621398 6.94704
8.70952 0.619182 6.94842
8.68546 0.622119 6.94659
8.25237 0.677413 6.91067
8.17549 0.6872 6.90399
8.24528 0.678319 6.91005
8.70226 0.620064 6.94787
8.81922 0.606227 6.95635
8.12324 0.693788 6.89944
8.15202 0.690166 6.90194
8.51435 0.643671 6.93295
8.70924 0.619215 6.9484
8.34913 0.664976 6.91901
8.42189 0.655582 6.92522
8.60567 0.632048 6.94037
8.93765 0.593265 6.96413
8.79175 0.609395 6.95443
8.74237 0.615222 6.95086
8.84908 0.602847 6.9584
8.5048 0.644897 6.93216
8.99279 0.587671 6.96743
8.89261 0.59805 6.96128
8.61565 0.630794 6.94116
8.97878 0.589063 6.96661
8.82849 0.60517 6.95699
8.74216 0.615247 6.95084
8.66447 0.624705 6.94498
8.1396 0.691732 6.90086
8.00648 0.708321 6.88925
8.43522 0.653861 6.92634
8.32429 0.668179 6.91688
8.36367 0.663101 6.92026
8.12259 0.69387 6.89938
8.64952 0.626559 6.94382
8.72113 0.617775 6.94929
8.52414 0.642416 6.93376
8.02792 0.705673 6.89112
8.18584 0.685887 6.90489
8.09698 0.697081 6.89715
8.16313 0.688762 6.90291
8.0502 0.702911 6.89307
8.14222 0.691401 6.90109
8.28035 0.673828 6.91309
8.86407 0.601178 6.9594
8.51267 0.643886 6.93281
8.75336 0.613911 6.95167
8.20531 0.683415 6.90658
8.26477 0.675825 6.91174
8.58884 0.634174 6.93902
8.75344 0.613902 6.95167
8.50628 0.644707 6.93229
8.86604 0.600959 6.95953
8.1129 0.695086 6.89854
8.17983 0.686649 6.90437
8.52055 0.642875 6.93346
8.10762 0.695749 6.89808
8.12465 0.693611 6.89956
8.84515 0.603288 6.95813
8.75987 0.613139 6.95214
8.84081 0.603776 6.95784
8.8756 0.599906 6.96017
8.79942 0.608505 6.95497
8.41034 0.657073 6.92424
8.87144 0.600364 6.95989
8.56838 0.636769 6.93737
8.92987 0.594078 6.96364
8.70305 0.619968 6.94793
8.44473 0.652633 6.92714
8.19121 0.685206 6.90536
8.46056 0.65059 6.92848
8.8999 0.597263 6.96175
8.89484 0.597809 6.96142
8.92858 0.594213 6.96356
8.72138 0.617745 6.9493
8.25646 0.676889 6.91102
8.79787 0.608685 6.95486
8.64987 0.626515 6.94385
8.90988 0.596193 6.96239
8.41813 0.656067 6.9249
8.66939 0.624096 6.94536
8.2743 0.674603 6.91256
8.39079 0.659599 6.92257
8.35769 0.663873 6.91975
8.77909 0.610873 6.95353
8.45177 0.651724 6.92774
8.0307 0.705328 6.89137
8.70128 0.620185 6.94779
8.06946 0.700516 6.89475
8.0209 0.706541 6.89051
8.29271 0.672241 6.91416
8.06025 0.701662 6.89394
8.4995 0.645577 6.93172
8.34916 0.664972 6.91902
8.57813 0.63553 6.93816
8.07429 0.699914 6.89517
8.45322 0.651537 6.92786
8.32125 0.66857 6.91662
8.17414 0.68737 6.90387
8.39649 0.658863 6.92306
8.54108 0.640248 6.93515
8.68302 0.622418 6.94641
8.02813 0.705647 6.89114
8.07569 0.699739 6.89529
8.02714 0.705769 6.89105
8.33467 0.666841 6.91777
8.13744 0.692003 6.90068
8.47285 0.649007 6.9295
8.66491 0.62465 6.94502
8.74784 0.614569 6.95126
8.9887 0.588076 6.96719
8.89819 0.597447 6.96164
8.71077 0.61903 6.94851
8.58782 0.634303 6.93894
8.10846 0.695643 6.89815
8.64095 0.627626 6.94315
8.92723 0.594355 6.96348
8.7014 0.620169 6.9478
8.75455 0.613771 6.95175
8.44189 0.653 6.92691
8.11437 0.694903 6.89866
8.2792 0.673975 6.91299
8.77728 0.611086 6.9534
8.61221 0.631225 6.94089
8.51184 0.643992 6.93275
8.41213 0.656842 6.92439
8.67408 0.623518 6.94572
8.13842 0.69188 6.90076
8.63182 0.628766 6.94244
8.26653 0.675599 6.91189
8.2902 0.672563 6.91394
8.59948 0.632829 6.93987
8.81498 0.606712 6.95606
8.8053 0.607825 6.95538
8.359 0.663703 6.91986
8.82929 0.605079 6.95705
8.88017 0.599405 6.96047
8.56402 0.637323 6.93702
8.14249 0.691367 6.90112
8.68434 0.622257 6.94651
8.66675 0.624423 6.94516
8.45519 0.651284 6.92802
8.44304 0.652851 6.927
8.42039 0.655775 6.92509
8.67437 0.623483 6.94574
8.84573 0.603222 6.95817
8.82208 0.6059 6.95655
8.93989 0.593031 6.96427
8.76499 0.612533 6.95251
8.64846 0.626691 6.94374
8.49862 0.64569 6.93165
8.78666 0.609988 6.95407
8.75317 0.613934 6.95165
8.86152 0.60146 6.95923
8.7433 0.615111 6.95093
8.75941 0.613194 6.95211
8.78293 0.610425 6.9538
8.74022 0.615479 6.9507
8.2199 0.681558 6.90785
8.46935 0.649458 6.92921
8.12404 0.693688 6.89951
8.14868 0.690586 6.90165
8.53647 0.640837 6.93477
8.13895 0.691814 6.90081
8.06297 0.701323 6.89418
8.16493 0.688535 6.90307
8.38149 0.6608 6.92178
8.64454 0.627179 6.94343
8.467 0.64976 6.92902
8.35994 0.663582 6.91994
8.52726 0.642016 6.93402
8.35099 0.664736 6.91917
8.35015 0.664845 6.9191
8.58295 0.63492 6.93855
8.66706 0.624384 6.94518
8.4739 0.648872 6.92959
8.61135 0.631333 6.94082
8.30964 0.670064 6.91562
8.73196 0.61647 6.95009
8.46691 0.649772 6.92901
8.62137 0.630075 6.94161
8.79892 0.608563 6.95493
8.99893 0.587067 6.96779
8.48938 0.646878 6.93088
8.35072 0.664772 6.91915
8.46328 0.650239 6.9287
8.78987 0.609614 6.95429
8.6995 0.620401 6.94766
8.62083 0.630142 6.94157
8.29924 0.671402 6.91472
8.63846 0.627936 6.94296
8.69354 0.62113 6.94721
8.29422 0.672047 6.91429
8.64245 0.62744 6.94327
8.73101 0.616584 6.95002
8.58007 0.635285 6.93832
8.25559 0.677001 6.91094
8.09537 0.697282 6.89701
8.03917 0.704279 6.8921
8.66799 0.624269 6.94525
8.5678 0.636843 6.93732
8.86369 0.601219 6.95938
8.59931 0.63285 6.93986
8.83398 0.604547 6.95737
8.95268 0.59171 6.96505
8.4471 0.652327 6.92734
8.70008 0.620331 6.9477
8.89637 0.597644 6.96152
8.56433 0.637284 6.93704
8.22747 0.680593 6.90851
8.57597 0.635805 6.93799
8.73209 0.616454 6.9501
8.64735 0.626829 6.94365
8.05611 0.702177 6.89358
8.20943 0.682891 6.90694
8.65151 0.626311 6.94398
8.95689 0.591278 6.9653
8.1359 0.692197 6.90054
8.04314 0.703787 6.89245
8.42973 0.654569 6.92588
8.4797 0.648124 6.93008
8.3812 0.660837 6.92176
8.318 0.668988 6.91634
8.05919 0.701794 6.89385
8.02748 0.705727 6.89108
8.44976 0.651983 6.92757
8.91899 0.595225 6.96296
8.99209 0.587741 6.96739
8.98938 0.588009 6.96723
8.69456 0.621005 6.94729
8.57243 0.636255 6.9377
8.56615 0.637052 6.93719
8.64933 0.626583 6.94381
8.48167 0.64787 6.93024
8.18509 0.685983 6.90482
8.15349 0.68998 6.90207
8.12555 0.693499 6.89964
8.05312 0.702549 6.89332
8.54235 0.640086 6.93525
8.70708 0.619478 6.94823
8.25375 0.677236 6.91079
