   8.5000000e+00
   8.6604400e+00
   8.4531737e+00
   8.0229843e+00
   8.1630940e+00
   8.0428487e+00
   8.1502812e+00
   8.4772777e+00
   8.5205242e+00
   8.4186100e+00
   8.1639470e+00
   8.4282481e+00
   8.4030562e+00
   8.1977552e+00
   8.1960644e+00
   8.1093652e+00
   8.2492026e+00
   8.5800099e+00
   8.5098716e+00
   8.5732364e+00
   8.6649871e+00
   8.8615825e+00
   8.6767782e+00
   8.4370470e+00
   8.7747290e+00
   8.7569718e+00
   8.5139711e+00
   8.1719454e+00
   8.3113265e+00
   8.6509885e+00
   8.0751851e+00
   8.1173833e+00
   8.1435304e+00
   8.2440264e+00
   8.5078200e+00
   8.6745512e+00
   8.6561237e+00
   8.6569325e+00
   8.5811343e+00
   8.5641747e+00
   8.8306997e+00
   8.8299839e+00
   8.5520413e+00
   8.7157644e+00
   8.6095654e+00
   8.6193699e+00
   8.8578522e+00
   8.9928996e+00
   8.7779680e+00
   8.8583014e+00
   8.9143668e+00
   8.9848593e+00
   8.8193333e+00
   8.0431190e+00
   8.3084131e+00
   8.4374973e+00
   8.1679904e+00
   8.0869150e+00
   8.6472674e+00
   8.5908401e+00
   8.8195902e+00
   8.8742546e+00
   8.8405227e+00
   8.7458351e+00
   8.7266938e+00
   8.9037409e+00
   8.9119601e+00
   8.9715552e+00
   8.8668827e+00
   8.7811747e+00
   8.6493593e+00
   8.8267081e+00
   8.5293624e+00
   8.2455748e+00
   8.3929066e+00
   8.5629665e+00
   8.9227088e+00
   8.7592079e+00
   8.7778336e+00
   8.2814549e+00
   8.1488017e+00
   8.0741334e+00
   8.1465963e+00
   8.3137201e+00
   8.8799769e+00
   8.6240867e+00
   8.7004169e+00
   8.4984033e+00
   8.2009839e+00
   8.0522999e+00
   8.0199043e+00
   8.0253823e+00
   8.2937679e+00
   8.6739637e+00
   8.7411739e+00
   8.8002761e+00
   8.6629778e+00
   8.6379401e+00
   8.6790034e+00
   8.5627149e+00
   8.4853007e+00
   8.4781984e+00
   8.3380869e+00
   8.6996869e+00
   8.5767287e+00
   8.9058885e+00
   8.9680190e+00
   8.7441089e+00
   8.8615763e+00
   8.9473745e+00
   8.8778394e+00
   8.5797415e+00
   8.7528358e+00
   8.7775811e+00
   8.3044256e+00
   8.0873009e+00
   8.3125718e+00
   8.6016446e+00
   8.6593146e+00
   8.1413304e+00
   8.0528838e+00
   8.0501799e+00
   8.3058865e+00
   8.4486296e+00
   8.1096933e+00
   8.1889277e+00
   8.2593793e+00
   8.4855456e+00
   8.9661074e+00
   8.9642140e+00
   8.8835820e+00
   8.5182655e+00
   8.9554580e+00
   8.7305140e+00
   8.8419799e+00
   8.6524252e+00
   8.2381414e+00
   8.0061703e+00
   8.3806590e+00
   8.3044347e+00
   8.1975042e+00
   8.1304764e+00
   8.5236335e+00
   8.6621112e+00
   8.1729104e+00
   8.4519837e+00
   8.5250231e+00
   8.9010327e+00
   8.5549290e+00
   8.1825467e+00
   8.3849878e+00
   8.6054254e+00
   8.7967783e+00
   8.7461680e+00
   8.1253217e+00
   8.2647572e+00
   8.4810004e+00
   8.4778632e+00
   8.2437388e+00
   8.8443543e+00
   8.3026599e+00
   8.7453898e+00
   8.8053597e+00
   8.6743913e+00
   8.2861174e+00
   8.3785087e+00
   8.1568647e+00
   8.6411876e+00
   8.8125341e+00
   8.4871195e+00
   8.8490015e+00
   8.5882557e+00
   8.1667991e+00
   8.8349855e+00
   8.4543067e+00
   8.2524714e+00
   8.9918564e+00
   8.4803629e+00
   8.2530495e+00
   8.7227341e+00
   8.8620670e+00
   8.5010628e+00
   8.0827746e+00
   8.4721931e+00
   8.3006491e+00
   8.3344382e+00
   8.0940881e+00
   8.1507545e+00
   8.6540103e+00
   8.6935738e+00
   8.7062802e+00
   8.1970027e+00
   8.1040664e+00
   8.6164191e+00
   8.1817076e+00
   8.2382802e+00
   8.8887722e+00
   8.6846615e+00
   8.2884488e+00
   8.3093676e+00
   8.6493507e+00
   8.8146742e+00
   8.5215369e+00
   8.2538481e+00
   8.4614828e+00
   8.8102885e+00
   8.2481095e+00
   8.4202186e+00
   8.5326068e+00
   8.8322401e+00
   8.2659177e+00
   8.3953781e+00
   8.7843373e+00
   8.5407867e+00
   8.2085574e+00
   8.0858809e+00
   8.0694989e+00
   8.2834828e+00
   8.0607864e+00
   8.3149602e+00
   8.1718869e+00
   8.4407084e+00
   8.3699879e+00
   8.5013479e+00
   8.4545022e+00
   8.3361837e+00
   8.6678954e+00
   8.0168875e+00
   8.3328969e+00
   8.0137673e+00
   8.1436495e+00
   8.2637778e+00
   8.9831525e+00
   8.8872551e+00
   8.2930229e+00
   8.4993887e+00
   8.5438014e+00
   8.3324194e+00
   8.4963163e+00
   8.4542255e+00
   8.7808468e+00
   8.3143752e+00
   8.5222284e+00
   8.8922405e+00
   8.6015047e+00
   8.4883422e+00
   8.4541842e+00
   8.9189340e+00
   8.8134211e+00
   8.3351635e+00
   8.7540082e+00
   8.8080100e+00
   8.9066788e+00
   8.7650352e+00
   8.4203358e+00
   8.8692980e+00
   8.7220127e+00
   8.4618313e+00
   8.9017822e+00
   8.2500674e+00
   8.1563783e+00
   8.6203547e+00
   8.7391748e+00
   8.6913410e+00
   8.7095178e+00
   8.6854578e+00
   8.2523693e+00
   8.1754858e+00
   8.2452832e+00
   8.7022647e+00
   8.8192190e+00
   8.1232449e+00
   8.1520197e+00
   8.5143466e+00
   8.7092440e+00
   8.3491330e+00
   8.4218865e+00
   8.6056732e+00
   8.9376485e+00
   8.7917534e+00
   8.7423699e+00
   8.8490787e+00
   8.5047953e+00
   8.9927917e+00
   8.8926110e+00
   8.6156465e+00
   8.9787835e+00
   8.8284860e+00
   8.7421576e+00
   8.6644685e+00
   8.1395962e+00
   8.0064847e+00
   8.4352161e+00
   8.3242861e+00
   8.3636670e+00
   8.1225915e+00
   8.6495163e+00
   8.7211312e+00
   8.5241392e+00
   8.0279156e+00
   8.1858425e+00
   8.0969765e+00
   8.1631324e+00
   8.0502009e+00
   8.1422228e+00
   8.2803463e+00
   8.8640657e+00
   8.5126718e+00
   8.7533616e+00
   8.2053121e+00
   8.2647718e+00
   8.5888407e+00
   8.7534379e+00
   8.5062759e+00
   8.8660414e+00
   8.1129030e+00
   8.1798314e+00
   8.5205513e+00
   8.1076161e+00
   8.1246529e+00
   8.8451512e+00
   8.7598706e+00
   8.8408132e+00
   8.8755961e+00
   8.7994173e+00
   8.4103432e+00
   8.8714357e+00
   8.5683766e+00
   8.9298678e+00
   8.7030525e+00
   8.4447291e+00
   8.1912103e+00
   8.4605615e+00
   8.8999037e+00
   8.8948379e+00
   8.9285812e+00
   8.7213776e+00
   8.2564633e+00
   8.7978695e+00
   8.6498725e+00
   8.9098843e+00
   8.4181272e+00
   8.6693939e+00
   8.2743045e+00
   8.3907866e+00
   8.3576864e+00
   8.7790946e+00
   8.4517721e+00
   8.0307032e+00
   8.7012766e+00
   8.0694599e+00
   8.0208996e+00
   8.2927079e+00
   8.0602520e+00
   8.4994999e+00
   8.3491629e+00
   8.5781331e+00
   8.0742889e+00
   8.4532249e+00
   8.3212521e+00
   8.1741377e+00
   8.3964860e+00
   8.5410839e+00
   8.6830249e+00
   8.0281280e+00
   8.0756928e+00
   8.0271427e+00
   8.3346737e+00
   8.1374413e+00
   8.4728468e+00
   8.6649141e+00
   8.7478422e+00
   8.9886993e+00
   8.8981916e+00
   8.7107681e+00
   8.5878155e+00
   8.6409536e+00
   8.9272301e+00
   8.7014007e+00
   8.7545466e+00
   8.4418868e+00
   8.1143660e+00
   8.2792044e+00
   8.7772825e+00
   8.6122111e+00
   8.5118395e+00
   8.4121342e+00
   8.6740829e+00
   8.6318189e+00
   8.2665338e+00
   8.2902020e+00
   8.5994844e+00
   8.8149842e+00
   8.8053039e+00
   8.3589980e+00
   8.8292926e+00
   8.8801665e+00
   8.5640215e+00
   8.1424939e+00
   8.6843376e+00
   8.6667470e+00
   8.4551856e+00
   8.4430351e+00
   8.4203919e+00
   8.6743681e+00
   8.8457332e+00
   8.8220800e+00
   8.9398930e+00
   8.7649933e+00
   8.6484605e+00
   8.4986220e+00
   8.7866614e+00
   8.7531733e+00
   8.8615219e+00
   8.7432965e+00
   8.7594060e+00
   8.7829264e+00
   8.7402227e+00
   8.2199008e+00
   8.4693463e+00
   8.1240426e+00
   8.1486848e+00
   8.5364697e+00
   8.1389469e+00
   8.0629728e+00
   8.1649326e+00
   8.3814865e+00
   8.6445394e+00
   8.4670039e+00
   8.3599381e+00
   8.5272568e+00
   8.3509946e+00
   8.3501495e+00
   8.5829507e+00
   8.6670615e+00
   8.4738973e+00
   8.6113536e+00
   8.3096391e+00
   8.7319588e+00
   8.4669059e+00
   8.6213682e+00
   8.7989219e+00
   8.9989343e+00
   8.4893825e+00
   8.3507165e+00
   8.4632836e+00
   8.7898744e+00
   8.6995036e+00
   8.6208341e+00
   8.2992370e+00
   8.6384644e+00
   8.6935363e+00
   8.6424454e+00
   8.7310114e+00
   8.5800683e+00
   8.2555907e+00
   8.0953727e+00
   8.0391736e+00
   8.6679934e+00
   8.5677975e+00
   8.8636920e+00
   8.5993139e+00
   8.8339827e+00
   8.9526832e+00
   8.4471022e+00
   8.7000792e+00
   8.8963731e+00
   8.5643299e+00
   8.2274696e+00
   8.5759667e+00
   8.7320938e+00
   8.6473458e+00
   8.0561084e+00
   8.2094289e+00
   8.6515123e+00
   8.9568926e+00
   8.1358977e+00
   8.0431410e+00
   8.4297292e+00
   8.4797008e+00
   8.3812010e+00
   8.3180032e+00
   8.0591902e+00
   8.0274819e+00
   8.4497638e+00
   8.9189874e+00
   8.9920863e+00
   8.9893754e+00
   8.6945562e+00
   8.5724263e+00
   8.5661536e+00
   8.6493253e+00
   8.4816709e+00
   8.1850896e+00
   8.1534901e+00
   8.1255471e+00
   8.0531161e+00
   8.5423495e+00
   8.7070838e+00
   8.2537524e+00
