   8.4050000e+00
   8.3943588e+00
   9.7379470e+00
   1.0016273e+01
   1.0025274e+01
   1.0167416e+01
   1.0167416e+01
   1.0035574e+01
   9.3241040e+00
   9.4760763e+00
   9.9277215e+00
   1.0291812e+01
   1.0125197e+01
   1.0304548e+01
   1.0412417e+01
   1.0225451e+01
   1.0493646e+01
   1.0481562e+01
   9.7658254e+00
   9.8286693e+00
   1.0071655e+01
   1.0371593e+01
   1.0472412e+01
   1.0268276e+01
   1.0268276e+01
   1.0438750e+01
   9.9625452e+00
   1.0058261e+01
   1.0345151e+01
   1.0316091e+01
   9.9791029e+00
   1.0351552e+01
   1.0449408e+01
   1.0155844e+01
   1.0345292e+01
   1.0418295e+01
   1.0166601e+01
   1.0382853e+01
   1.0473081e+01
   1.0433487e+01
   1.0180717e+01
   9.8725538e+00
   9.7926748e+00
   9.4270037e+00
   8.9745818e+00
   8.9745818e+00
   9.1402361e+00
   9.0846749e+00
   9.0846749e+00
   9.3329335e+00
   9.1305872e+00
   9.3307515e+00
   9.7187379e+00
   9.7171652e+00
   1.0239905e+01
   1.0239905e+01
   1.0124135e+01
   1.0254655e+01
   9.9385214e+00
   9.7999133e+00
   1.0011897e+01
   9.9003704e+00
   9.7799958e+00
   9.5960872e+00
   9.9282348e+00
   9.9282348e+00
   1.0351549e+01
   1.0209320e+01
   1.0442095e+01
   1.0212579e+01
   1.0114510e+01
   1.0088720e+01
   1.0072045e+01
   1.0250368e+01
   1.0440156e+01
   1.0487088e+01
   1.0487138e+01
   1.0400704e+01
   1.0477043e+01
   1.0012025e+01
   9.7279439e+00
   9.2065502e+00
   9.3876826e+00
   9.2894349e+00
   9.2894349e+00
   9.2595707e+00
   9.9497465e+00
   1.0090191e+01
   1.0292855e+01
   1.0261144e+01
   1.0263295e+01
   1.0232661e+01
   1.0455179e+01
   9.8672010e+00
   1.0167871e+01
   1.0249539e+01
   1.0215380e+01
   1.0275191e+01
   1.0375822e+01
   1.0479166e+01
   1.0357548e+01
   1.0181917e+01
   1.0169164e+01
   1.0307999e+01
   1.0418744e+01
   9.9733823e+00
   9.9341354e+00
   1.0341202e+01
   1.0182088e+01
   1.0125131e+01
   1.0058589e+01
   9.9209103e+00
   1.0367825e+01
   1.0335685e+01
   1.0384767e+01
   1.0483149e+01
   9.2075009e+00
   9.2078639e+00
   9.2307397e+00
   9.0819820e+00
   9.0433098e+00
   9.0433098e+00
   9.0325046e+00
   9.1034369e+00
   9.2545991e+00
   9.2617737e+00
   9.3106503e+00
   9.3106503e+00
   9.2842763e+00
   9.4375646e+00
   9.8318495e+00
   9.8956491e+00
   9.3836560e+00
   8.9724741e+00
   9.1413408e+00
   9.9122439e+00
   9.7803758e+00
   9.7119656e+00
   9.6571103e+00
   9.7875444e+00
   9.6224732e+00
   9.7152155e+00
   9.9702760e+00
   9.9515009e+00
   9.8691341e+00
   9.8620055e+00
   9.4463685e+00
   1.0046203e+01
   1.0097702e+01
   1.0116806e+01
   9.3973024e+00
   9.4032577e+00
   9.6466603e+00
   9.9543892e+00
   1.0146128e+01
   1.0178069e+01
   9.9742285e+00
   9.8127481e+00
   9.7356255e+00
   9.9066194e+00
   1.0256109e+01
   9.6787712e+00
   9.7136226e+00
   9.5742754e+00
   1.0163125e+01
   9.8853067e+00
   9.9776570e+00
   9.7843764e+00
   9.8944003e+00
   1.0181173e+01
   1.0359494e+01
   9.8853202e+00
   9.8999177e+00
   1.0291727e+01
   9.9535155e+00
   9.8246499e+00
   1.0265636e+01
   1.0311258e+01
   9.8419434e+00
   9.7483027e+00
   9.8627157e+00
   8.9815354e+00
   8.9284241e+00
   9.2024703e+00
   9.7952523e+00
   9.8582010e+00
   9.9261254e+00
   9.9261254e+00
   9.7943329e+00
   9.9433042e+00
   1.0188735e+01
   1.0144746e+01
   1.0157966e+01
   9.9039908e+00
   1.0006404e+01
   9.9041962e+00
   9.8067712e+00
   1.0050896e+01
   1.0206591e+01
   1.0432315e+01
   9.8993724e+00
   1.0207168e+01
   1.0041565e+01
   1.0028400e+01
   9.8139805e+00
   9.8139805e+00
   9.6887233e+00
   9.6870133e+00
   1.0134737e+01
   1.0152735e+01
   9.8273465e+00
   9.7277131e+00
   9.8884074e+00
   9.6590161e+00
   9.4993061e+00
   9.4993061e+00
   9.4993061e+00
   9.4668749e+00
   9.4083523e+00
   9.4083523e+00
   1.0245967e+01
   1.0188544e+01
   1.0142869e+01
   1.0153094e+01
   1.0311017e+01
   1.0040274e+01
   1.0091949e+01
   9.8278402e+00
   1.0038781e+01
   1.0151247e+01
   1.0281996e+01
   1.0449309e+01
   1.0125727e+01
   1.0340027e+01
   1.0061704e+01
   9.9719841e+00
   9.7913751e+00
   1.0203236e+01
   1.0193264e+01
   1.0193264e+01
   1.0181681e+01
   1.0007024e+01
   9.7974472e+00
   9.9885089e+00
   9.7381228e+00
   9.8054103e+00
   1.0034913e+01
   1.0071328e+01
   1.0448273e+01
   1.0309387e+01
   9.5227568e+00
   9.5373006e+00
   9.5373006e+00
   9.2691138e+00
   9.2371187e+00
   9.1147255e+00
   9.2429906e+00
   9.1896596e+00
   9.3664784e+00
   9.1552309e+00
   1.0264571e+01
   9.7931022e+00
   9.4638876e+00
   9.4638876e+00
   9.6943783e+00
   9.7360601e+00
   9.7035027e+00
   9.1810262e+00
   9.2312090e+00
   9.2437700e+00
   9.3421819e+00
   9.8823669e+00
   9.9601992e+00
   1.0128672e+01
   1.0197651e+01
   9.6277388e+00
   9.6401256e+00
   9.9572083e+00
   9.3172326e+00
   9.1805625e+00
   1.0174412e+01
   8.8718789e+00
   8.7416917e+00
   8.7452950e+00
   8.5997051e+00
   8.5997051e+00
   8.2572420e+00
   8.2572420e+00
   8.2572420e+00
   8.2572420e+00
   8.2423975e+00
   8.1815480e+00
   8.1815480e+00
   8.9279131e+00
   8.8812386e+00
   8.9108588e+00
   8.9979422e+00
   8.9979422e+00
   9.0080897e+00
   8.8946099e+00
   9.2315385e+00
   9.6202646e+00
   9.6090395e+00
   9.6870703e+00
   9.0409684e+00
   8.8505359e+00
   8.6861015e+00
   8.6680788e+00
   8.6680788e+00
   8.9875903e+00
   9.4587129e+00
   9.4587129e+00
   9.3435064e+00
   9.6863624e+00
   9.8781728e+00
   9.8781728e+00
   9.8781728e+00
   9.5602716e+00
   9.3115590e+00
   9.4418020e+00
   9.0032004e+00
   8.8409331e+00
   1.0117498e+01
   9.9187391e+00
   9.9187391e+00
   1.0483180e+01
   1.0098869e+01
   9.3191603e+00
   9.6882377e+00
   9.6400069e+00
   1.0328173e+01
   9.4012693e+00
   9.8137290e+00
   9.6920633e+00
   1.0260002e+01
   1.0100406e+01
   1.0039815e+01
   9.8771273e+00
   9.8627251e+00
   9.7655436e+00
   9.7714059e+00
   9.7342741e+00
   9.6816423e+00
   1.0015494e+01
   1.0229804e+01
   1.0420418e+01
   1.0324464e+01
   1.0324464e+01
   1.0074878e+01
   1.0074878e+01
   9.7854389e+00
   1.0050446e+01
   9.8905406e+00
   9.8782208e+00
   9.3166463e+00
   9.5168478e+00
   9.7662999e+00
   9.6329065e+00
   9.7862148e+00
   1.0349914e+01
   1.0291082e+01
   1.0065774e+01
   1.0023084e+01
   1.0102684e+01
   1.0142266e+01
   1.0212017e+01
   1.0288449e+01
   1.0210634e+01
   1.0101708e+01
   9.7792311e+00
   9.9503749e+00
   1.0083626e+01
   1.0083626e+01
   1.0022561e+01
   9.7760096e+00
   1.0178757e+01
   9.5500289e+00
   9.5749201e+00
   9.7584752e+00
   9.4615139e+00
   9.5456465e+00
   9.2934250e+00
   9.8551488e+00
   1.0023324e+01
   1.0187841e+01
   1.0253635e+01
   9.8956492e+00
   1.0115201e+01
   9.5840714e+00
   9.5700970e+00
   9.6864192e+00
   9.8252496e+00
   1.0042226e+01
   9.7705190e+00
   1.0353987e+01
   1.0280982e+01
   1.0195990e+01
   1.0142216e+01
   1.0211315e+01
   1.0141068e+01
   1.0216888e+01
   9.8704088e+00
   9.9815305e+00
   1.0257333e+01
   1.0043352e+01
   9.8328703e+00
   1.0401849e+01
   1.0217992e+01
   1.0205724e+01
   1.0489467e+01
   9.6552128e+00
   9.9018237e+00
   9.9687176e+00
   9.9936545e+00
   1.0398233e+01
   1.0445423e+01
   1.0315362e+01
   1.0311893e+01
   1.0051750e+01
   1.0236284e+01
   1.0243432e+01
   1.0260674e+01
   1.0177091e+01
   1.0131973e+01
   9.4642087e+00
   1.0425136e+01
   1.0469690e+01
   1.0420242e+01
   1.0244552e+01
   1.0450762e+01
   1.0450762e+01
   1.0225161e+01
   1.0337683e+01
   9.6853688e+00
   9.7062354e+00
   9.4438444e+00
   9.5794357e+00
   1.0183545e+01
   1.0143266e+01
   1.0083061e+01
   1.0211086e+01
   1.0489909e+01
   1.0470325e+01
   1.0470325e+01
   1.0351214e+01
   1.0400496e+01
   1.0400496e+01
   1.0074315e+01
   1.0186826e+01
   1.0186826e+01
   9.5458927e+00
   9.1728667e+00
   9.6805163e+00
   9.4844688e+00
   9.3265730e+00
   9.7311835e+00
   9.0652206e+00
   9.2198353e+00
   1.0245046e+01
   9.7430732e+00
   9.8053824e+00
   9.6808415e+00
   9.7869269e+00
   9.5482706e+00
   1.0163871e+01
   1.0017889e+01
   1.0146679e+01
   9.2935076e+00
   9.5540300e+00
   9.8573090e+00
   9.6217637e+00
   9.7065636e+00
   9.8549375e+00
   9.8990507e+00
   9.8483716e+00
   1.0096331e+01
   9.8973702e+00
   9.8661604e+00
   9.8498370e+00
   9.7710946e+00
   9.8217944e+00
   1.0020449e+01
   9.9704380e+00
   9.7350948e+00
   9.5873052e+00
   1.0237720e+01
   1.0268226e+01
   1.0079164e+01
   9.9888697e+00
   9.7461636e+00
   9.7262901e+00
   1.0218712e+01
   1.0032886e+01
   1.0149673e+01
   1.0404367e+01
   1.0181173e+01
   9.9180841e+00
   1.0289539e+01
   1.0366645e+01
   1.0408635e+01
   1.0283535e+01
   1.0116628e+01
   9.9996548e+00
   9.9996548e+00
   9.4822725e+00
   9.5083703e+00
   1.0057401e+01
   9.8856819e+00
   9.7439137e+00
   1.0448209e+01
   1.0446391e+01
   1.0086020e+01
   1.0429817e+01
   1.0488947e+01
   1.0450020e+01
   9.9247066e+00
   1.0018224e+01
   9.7477106e+00
   9.4072541e+00
   9.4175517e+00
   9.6042807e+00
   9.8281342e+00
   9.9422671e+00
   9.9154539e+00
   9.9506588e+00
   9.9046143e+00
   9.7439843e+00
   9.7846651e+00
   9.9051969e+00
   9.9068217e+00
   1.0173879e+01
   1.0192906e+01
   1.0378259e+01
   1.0487598e+01
   1.0264043e+01
   1.0167922e+01
   1.0245526e+01
   9.7314120e+00
   1.0024166e+01
   8.8760670e+00
   9.5275146e+00
   9.5858822e+00
   1.0067414e+01
   1.0351291e+01
   1.0410648e+01
   1.0204313e+01
   1.0312032e+01
   1.0197599e+01
   1.0388540e+01
   1.0097146e+01
   1.0139900e+01
   1.0132657e+01
   1.0498477e+01
   1.0430892e+01
   9.9169417e+00
   9.7275884e+00
   1.0150150e+01
   1.0150150e+01
   1.0238872e+01
   1.0372798e+01
   1.0321184e+01
   1.0361366e+01
   1.0189266e+01
   1.0138035e+01
   9.6372702e+00
   9.5024570e+00
   9.4720465e+00
   9.5346974e+00
   9.4249522e+00
   9.7966150e+00
   9.8013658e+00
   9.7382196e+00
   1.0275515e+01
   1.0364674e+01
   1.0499464e+01
   1.0338594e+01
   9.8108415e+00
   9.8108415e+00
   9.6760181e+00
   1.0120561e+01
   9.7580814e+00
   9.3093909e+00
   9.6134761e+00
   9.6752162e+00
   9.8610080e+00
   9.8401220e+00
   9.8945257e+00
   1.0429226e+01
   1.0412590e+01
   8.7360266e+00
   9.2313021e+00
   1.0261968e+01
   9.6270724e+00
   1.0441498e+01
   9.3374035e+00
   8.9600643e+00
   8.5022981e+00
   8.6179385e+00
   8.7149241e+00
   8.5822516e+00
   8.4876824e+00
   8.4327477e+00
   8.9340698e+00
   8.9409981e+00
   9.5158069e+00
   1.0101868e+01
   1.0159912e+01
   9.9178644e+00
   1.0006410e+01
   9.9534331e+00
   1.0183316e+01
   1.0058577e+01
   1.0058577e+01
   1.0373973e+01
   9.8934458e+00
   1.0062995e+01
   1.0002230e+01
   9.6093245e+00
   9.6595763e+00
   9.7930406e+00
   9.6941271e+00
   9.8489296e+00
   9.9697887e+00
   1.0088121e+01
   1.0088121e+01
   1.0386268e+01
   9.9013621e+00
   1.0328809e+01
   1.0403669e+01
   9.8774041e+00
   9.4007902e+00
   9.4007902e+00
   1.0136653e+01
   9.7627838e+00
   9.6614020e+00
   9.5718733e+00
   9.8722864e+00
   9.9437842e+00
   1.0416265e+01
   1.0416265e+01
   1.0339034e+01
   1.0120087e+01
   9.8204608e+00
   9.7244477e+00
   1.0090045e+01
   1.0450028e+01
   1.0337726e+01
   9.7630706e+00
   9.8008183e+00
   9.9496604e+00
   1.0217592e+01
   9.6756232e+00
   9.8447987e+00
   9.8430805e+00
   9.8626950e+00
   9.6215123e+00
   9.6602605e+00
   9.4899776e+00
   9.8370044e+00
   1.0007370e+01
   9.1484097e+00
   9.0237113e+00
   9.0101610e+00
   9.6291416e+00
   1.0209978e+01
   1.0100575e+01
   9.5656421e+00
   9.7321106e+00
   9.7598642e+00
   9.6857704e+00
   9.7868977e+00
   9.6780572e+00
   1.0093038e+01
   1.0376038e+01
   1.0320332e+01
   9.4054142e+00
   9.5207554e+00
   9.4240214e+00
   9.5803707e+00
   1.0316517e+01
   1.0370682e+01
   1.0142393e+01
   1.0081685e+01
   9.5496071e+00
   9.3978212e+00
   9.6134011e+00
   9.6134011e+00
   9.7883090e+00
   9.5756015e+00
   9.5756015e+00
   1.0211769e+01
   1.0438631e+01
   1.0293759e+01
   1.0341220e+01
   1.0443930e+01
   1.0302359e+01
   1.0035799e+01
   9.9849427e+00
   9.8572257e+00
   9.8235902e+00
   1.0047930e+01
   1.0080314e+01
   1.0179535e+01
   9.8564046e+00
   9.9942302e+00
   1.0097324e+01
   1.0204565e+01
   1.0393945e+01
   9.9630250e+00
   1.0212580e+01
   9.6871704e+00
   9.7050277e+00
   1.0189920e+01
   1.0138672e+01
   1.0014556e+01
   1.0271600e+01
   1.0293158e+01
   1.0239947e+01
   9.9788083e+00
   9.9690654e+00
   1.0015332e+01
   9.5823273e+00
   9.5404397e+00
   9.4379489e+00
   1.0177823e+01
   9.8666137e+00
   9.7912691e+00
   9.7559450e+00
   9.6667913e+00
   9.8208677e+00
   1.0288826e+01
   1.0247175e+01
   1.0266694e+01
   9.9810659e+00
   1.0018193e+01
   9.4074755e+00
   9.4547652e+00
   9.8772126e+00
   9.8692481e+00
   1.0081102e+01
   9.3849994e+00
   9.2921885e+00
   9.0963108e+00
   9.5262757e+00
   9.9985240e+00
   1.0226473e+01
   9.7571976e+00
   9.8488582e+00
   1.0033212e+01
   1.0253690e+01
   1.0350541e+01
   1.0350541e+01
   1.0216644e+01
   1.0216644e+01
   1.0442027e+01
   1.0413758e+01
   9.5672747e+00
   9.8114190e+00
   1.0458638e+01
   1.0493176e+01
   1.0399839e+01
   1.0253439e+01
   1.0032781e+01
   1.0218679e+01
   1.0149563e+01
   1.0115562e+01
   1.0107868e+01
   9.9254897e+00
   1.0331581e+01
   9.9783764e+00
   1.0228529e+01
   9.4894441e+00
   1.0035110e+01
   9.9985959e+00
   9.8008417e+00
   9.7652795e+00
   9.8764263e+00
   1.0022988e+01
   9.7744084e+00
   9.3607022e+00
   1.0257976e+01
   1.0330317e+01
   1.0122052e+01
   1.0199858e+01
   1.0474975e+01
   9.9510647e+00
   9.4308337e+00
   9.5076164e+00
   9.5687075e+00
   9.7193249e+00
   9.6020957e+00
   9.7724482e+00
   9.9520545e+00
   1.0315126e+01
   1.0461766e+01
   1.0386335e+01
   1.0400492e+01
   1.0373881e+01
   1.0230023e+01
   9.9373039e+00
   9.8760858e+00
   1.0109551e+01
   1.0478786e+01
   1.0338776e+01
   1.0059398e+01
   1.0230839e+01
   1.0177807e+01
   1.0489661e+01
   1.0060187e+01
   1.0091665e+01
   9.9946596e+00
   1.0453449e+01
   1.0103233e+01
   1.0218926e+01
   1.0250310e+01
   9.5215565e+00
   1.0156193e+01
   9.6422923e+00
   9.6569292e+00
   9.7789388e+00
   9.8975875e+00
   9.8805479e+00
   9.8630097e+00
   1.0188505e+01
   1.0272968e+01
   1.0225377e+01
   1.0224033e+01
   1.0297179e+01
   1.0495959e+01
   1.0427027e+01
   9.7148257e+00
   9.6702117e+00
   1.0336159e+01
   1.0075038e+01
   1.0110104e+01
   9.6133561e+00
   9.9830838e+00
   9.8006271e+00
   1.0154025e+01
   1.0305240e+01
   1.0069071e+01
   9.9268777e+00
   9.9469862e+00
   9.2232374e+00
   1.0499627e+01
   1.0283222e+01
   1.0167037e+01
   1.0123592e+01
   9.9946891e+00
   9.8350947e+00
   9.5949852e+00
   9.7039028e+00
   1.0498446e+01
   1.0446632e+01
   1.0389738e+01
   9.7533906e+00
   9.4994131e+00
   1.0137166e+01
   1.0327897e+01
   1.0072379e+01
   1.0078238e+01
   9.6271881e+00
   9.7556106e+00
   1.0213560e+01
   9.6124480e+00
   9.6596338e+00
   9.9549156e+00
   9.6760729e+00
   9.6760729e+00
   9.6889086e+00
   9.6837230e+00
   9.6023403e+00
   9.5076338e+00
   9.4680369e+00
   9.4680369e+00
   1.0185516e+01
   1.0318397e+01
   1.0215439e+01
   1.0096641e+01
   9.8833560e+00
   1.0300825e+01
   1.0470976e+01
   1.0245183e+01
   1.0377055e+01
   1.0261737e+01
   1.0236528e+01
   1.0267893e+01
   1.0267893e+01
   1.0237382e+01
   9.9073215e+00
   9.8893165e+00
   9.6674134e+00
   9.6674134e+00
   9.6902764e+00
   9.7249562e+00
   9.9008496e+00
   1.0380506e+01
   9.3675144e+00
   9.2811995e+00
   9.4937210e+00
   9.6514381e+00
   9.6514381e+00
   1.0148939e+01
   9.7314307e+00
   9.0660476e+00
   9.1654630e+00
   9.5023205e+00
   1.0116149e+01
   1.0372658e+01
   1.0006217e+01
   1.0402543e+01
   1.0152552e+01
   1.0124906e+01
   1.0320849e+01
   1.0073463e+01
   1.0073463e+01
   9.6065525e+00
   1.0025949e+01
   1.0141500e+01
   1.0141500e+01
   1.0141500e+01
   1.0019184e+01
   1.0191708e+01
   9.3663453e+00
   9.3954158e+00
   9.3954158e+00
   8.8447911e+00
   8.7521045e+00
   1.0376280e+01
   1.0335514e+01
   1.0105101e+01
   9.7352010e+00
   9.9210159e+00
   1.0030774e+01
   1.0307277e+01
   1.0382038e+01
   9.8735893e+00
   1.0108903e+01
   1.0108903e+01
   1.0048887e+01
   1.0373261e+01
   1.0442737e+01
   1.0392537e+01
   1.0392537e+01
   1.0328418e+01
   1.0135411e+01
   9.9472338e+00
   1.0127327e+01
   9.9253061e+00
   9.8358759e+00
   9.7386906e+00
   1.0403450e+01
   1.0360759e+01
   9.7634581e+00
   9.6259103e+00
   9.5013812e+00
   9.5545141e+00
   9.5325079e+00
   1.0009940e+01
   1.0081401e+01
   9.9889300e+00
   1.0009521e+01
   1.0124680e+01
   9.5742730e+00
   9.9217241e+00
   9.4166636e+00
   9.4685191e+00
   9.4610320e+00
   1.0113476e+01
   9.7817291e+00
   9.9156574e+00
   9.9448818e+00
   9.8426159e+00
   9.8163076e+00
   9.7508786e+00
   9.8562501e+00
   1.0377227e+01
   9.8899289e+00
   1.0016808e+01
   1.0132470e+01
   1.0344358e+01
   9.9232561e+00
   1.0445295e+01
   1.0158681e+01
   1.0072768e+01
   9.6724781e+00
   1.0448710e+01
   1.0308499e+01
   1.0299566e+01
   1.0411409e+01
   1.0176791e+01
   9.9304849e+00
   9.5582681e+00
   8.4006320e+00
   9.4424429e+00
   1.0036586e+01
   1.0320921e+01
   1.0454229e+01
   1.0421390e+01
   9.9900661e+00
   1.0170212e+01
   1.0377663e+01
   1.0309423e+01
   1.0179349e+01
   1.0219291e+01
   1.0265943e+01
   1.0477034e+01
   1.0196291e+01
   9.6605517e+00
   9.0435712e+00
   9.0167003e+00
   9.3662752e+00
   9.3662752e+00
   8.9942669e+00
   8.9374981e+00
   8.7014361e+00
   8.8684734e+00
   8.8022290e+00
   8.7610757e+00
   9.6510257e+00
   9.5561418e+00
   1.0116642e+01
   9.7300988e+00
   1.0388468e+01
   1.0370607e+01
   1.0421467e+01
   1.0479090e+01
   1.0226681e+01
   9.6004474e+00
   9.6004474e+00
   9.7691184e+00
   9.8562025e+00
   1.0288002e+01
   1.0354487e+01
   1.0259510e+01
   1.0377587e+01
   1.0122077e+01
   1.0491681e+01
   1.0395859e+01
   9.7895767e+00
   1.0287613e+01
   1.0342018e+01
   1.0283992e+01
   1.0290476e+01
   1.0198589e+01
   1.0151819e+01
   9.7615812e+00
   9.8135136e+00
   9.4481386e+00
   9.4481386e+00
   1.0250320e+01
   1.0250320e+01
   1.0280533e+01
   9.5903210e+00
   9.6977228e+00
   9.9834305e+00
   9.9489416e+00
   1.0378360e+01
   1.0205996e+01
   9.8025556e+00
   9.3812544e+00
   9.3603076e+00
   9.3909990e+00
   9.4293349e+00
   8.9108377e+00
   9.5809572e+00
   1.0051640e+01
   1.0062019e+01
   9.9380368e+00
   9.5536477e+00
   9.6408829e+00
   9.9856686e+00
   9.9870092e+00
   9.9059007e+00
   9.9308011e+00
   9.9308011e+00
   9.8833449e+00
   1.0201879e+01
   1.0337620e+01
   1.0413958e+01
   1.0247677e+01
   9.4199327e+00
   9.4199327e+00
   9.4199327e+00
   9.3316032e+00
   9.2630567e+00
   8.9154948e+00
   8.9534966e+00
   8.8634526e+00
   9.4194964e+00
   9.9252754e+00
   1.0170318e+01
   1.0237951e+01
   1.0411104e+01
   1.0038400e+01
   9.9331742e+00
   9.8409174e+00
   9.9206865e+00
   9.7369436e+00
   9.8582664e+00
   9.8555694e+00
   1.0467811e+01
   1.0421390e+01
   1.0422833e+01
   1.0468971e+01
   1.0219657e+01
   9.7933540e+00
   9.5299617e+00
   9.9035705e+00
   1.0090936e+01
   9.9906729e+00
   9.7490946e+00
   9.3451690e+00
   9.9021628e+00
   1.0002275e+01
   1.0050145e+01
   1.0166810e+01
   9.8893625e+00
   1.0009265e+01
   1.0005988e+01
   1.0339932e+01
   1.0422749e+01
   1.0368049e+01
   1.0150582e+01
   1.0191005e+01
   1.0195806e+01
   1.0229911e+01
   1.0391246e+01
   1.0134504e+01
   1.0161495e+01
   1.0008386e+01
   9.8441045e+00
   1.0498574e+01
   1.0473168e+01
   1.0171022e+01
   1.0416571e+01
   1.0467488e+01
   1.0483159e+01
   1.0459567e+01
   1.0300770e+01
   9.9844392e+00
   9.6832126e+00
   9.5792663e+00
   9.7279088e+00
   9.6778169e+00
   9.6786352e+00
   9.0676095e+00
   9.0676095e+00
   9.0787367e+00
   9.9118725e+00
   1.0288472e+01
   1.0390360e+01
   1.0425899e+01
   1.0223823e+01
   9.5228629e+00
   1.0494522e+01
   9.7938984e+00
   9.7260079e+00
   9.8003167e+00
   9.5753959e+00
   9.8252860e+00
   1.0361257e+01
   1.0312713e+01
   1.0455684e+01
   1.0234525e+01
   1.0092705e+01
   1.0239569e+01
   1.0092369e+01
   1.0447434e+01
   1.0363953e+01
   1.0329742e+01
   1.0494469e+01
   1.0464614e+01
   1.0437186e+01
   1.0441645e+01
   1.0349009e+01
   1.0242184e+01
   1.0382596e+01
   1.0373486e+01
   1.0407952e+01
   1.0400503e+01
   9.9236223e+00
   9.9731843e+00
   1.0325614e+01
   1.0219526e+01
   9.7732615e+00
   1.0463910e+01
   1.0297872e+01
   9.5797270e+00
   9.6351088e+00
   9.4790274e+00
   1.0032103e+01
   9.5154451e+00
   9.5176254e+00
   9.6864583e+00
   9.2936818e+00
   9.9059833e+00
   1.0356257e+01
   1.0361023e+01
   1.0173489e+01
   1.0186744e+01
   1.0417298e+01
   1.0344164e+01
   1.0245055e+01
   1.0353044e+01
   1.0399002e+01
   9.7734695e+00
   9.9904486e+00
   9.8502835e+00
   9.6310607e+00
   1.0276671e+01
   9.4781187e+00
   9.6059769e+00
   9.4825861e+00
   9.3562421e+00
   9.6810267e+00
   9.8058104e+00
   9.7833151e+00
   1.0372771e+01
   1.0304414e+01
   1.0263712e+01
   1.0163839e+01
   1.0306242e+01
   1.0086758e+01
   9.5309010e+00
   9.3916760e+00
   9.7940740e+00
   9.6487655e+00
   9.8912885e+00
   9.9128200e+00
   1.0480920e+01
   1.0150545e+01
   1.0184187e+01
   1.0125159e+01
   9.9830566e+00
   9.8745994e+00
   9.8721732e+00
   9.8721732e+00
   9.6731776e+00
   9.5752488e+00
   9.9924008e+00
   1.0276375e+01
   1.0146581e+01
   9.6833569e+00
   9.1073314e+00
   9.0311553e+00
   9.0311553e+00
   9.0091117e+00
   9.0030789e+00
   9.9247684e+00
   1.0143599e+01
   9.7811207e+00
   1.0024530e+01
   9.9423185e+00
   9.9423185e+00
   1.0469380e+01
   1.0401173e+01
   9.5775743e+00
   9.4681570e+00
   9.9915758e+00
   1.0135562e+01
   1.0126698e+01
   1.0296329e+01
   9.6864392e+00
   9.4328292e+00
   9.4170281e+00
   9.1517400e+00
   9.2415428e+00
   9.4592646e+00
   9.8336698e+00
   9.4978757e+00
   9.4185056e+00
   1.0029892e+01
   9.4813723e+00
   9.7940076e+00
   9.7777710e+00
   9.6019413e+00
   9.6415586e+00
   1.0152225e+01
   1.0049927e+01
   1.0025289e+01
   1.0006556e+01
   1.0176551e+01
   1.0016297e+01
   9.9556790e+00
   1.0274724e+01
   1.0331653e+01
   1.0389589e+01
   9.7262695e+00
   9.7262695e+00
   1.0155614e+01
   9.8231808e+00
   9.6691253e+00
   9.6420828e+00
   9.5176178e+00
   9.2987547e+00
   9.7188527e+00
   9.8122874e+00
   9.5933701e+00
   1.0122406e+01
   1.0192879e+01
   1.0167905e+01
   1.0376903e+01
   1.0001752e+01
   9.8298192e+00
   9.7948179e+00
   1.0195523e+01
   1.0070346e+01
   9.9899859e+00
   1.0152124e+01
   1.0443774e+01
   1.0344336e+01
   1.0344336e+01
   9.8957284e+00
   1.0253628e+01
   9.8351518e+00
   9.8749405e+00
   9.9992729e+00
   1.0060975e+01
   9.9129897e+00
   1.0280175e+01
   1.0277278e+01
   1.0047056e+01
   1.0475885e+01
   1.0366458e+01
   1.0414710e+01
   1.0468820e+01
   1.0404364e+01
   9.6470228e+00
   9.9314455e+00
   1.0298304e+01
   9.9669702e+00
   9.6954910e+00
   1.0311121e+01
   1.0233572e+01
   1.0390749e+01
   1.0359355e+01
   1.0476698e+01
   1.0364601e+01
   1.0461359e+01
   1.0495469e+01
   1.0291305e+01
   1.0383025e+01
   1.0386421e+01
   1.0287995e+01
   9.9551877e+00
   9.7962210e+00
   1.0488102e+01
   1.0453460e+01
   1.0374584e+01
   1.0424138e+01
   1.0154500e+01
   9.9989242e+00
   1.0483871e+01
   1.0474945e+01
   9.9997436e+00
   9.8103316e+00
   1.0189197e+01
   9.8783036e+00
   9.5720610e+00
   1.0169764e+01
   1.0300817e+01
   9.9452408e+00
   1.0180606e+01
   9.9555165e+00
   1.0098101e+01
   1.0037789e+01
   9.8313834e+00
   9.8141470e+00
   1.0202807e+01
   1.0212729e+01
   1.0217665e+01
   1.0129346e+01
   9.9618471e+00
   9.9964237e+00
   1.0266679e+01
   1.0455757e+01
   1.0455757e+01
   1.0337002e+01
   1.0499969e+01
   1.0102774e+01
   1.0369347e+01
   1.0068313e+01
   1.0075686e+01
   1.0130312e+01
   9.8096320e+00
   9.8817433e+00
   9.8773114e+00
   9.9263847e+00
   1.0079991e+01
   1.0079991e+01
   1.0194695e+01
   9.8325201e+00
   1.0161186e+01
   1.0465633e+01
   1.0399582e+01
   1.0337718e+01
   1.0043334e+01
   9.9583374e+00
   1.0286387e+01
   1.0093099e+01
   9.7600724e+00
   1.0171155e+01
   9.9067568e+00
   9.8012175e+00
   9.9365984e+00
   1.0475817e+01
   1.0459607e+01
   1.0245285e+01
   1.0436031e+01
   1.0376863e+01
   1.0241952e+01
   1.0280384e+01
   1.0283008e+01
   1.0349686e+01
   1.0152327e+01
   9.9305872e+00
   9.7827332e+00
   1.0183878e+01
   9.6125118e+00
   9.6125118e+00
   1.0104723e+01
   9.8316601e+00
   9.8730825e+00
   9.6923508e+00
   9.6923508e+00
   9.5521873e+00
   1.0168249e+01
   9.4839148e+00
   9.8150033e+00
   9.7923977e+00
   1.0220154e+01
   1.0028214e+01
   1.0025790e+01
   1.0155494e+01
   1.0467781e+01
   1.0473862e+01
   1.0378834e+01
   1.0151925e+01
   1.0334220e+01
   1.0072920e+01
   1.0361318e+01
   1.0247110e+01
   1.0087028e+01
   1.0335074e+01
   1.0422982e+01
   1.0436951e+01
   9.8436417e+00
   9.7162027e+00
   1.0019063e+01
   9.7079178e+00
   9.8753733e+00
   9.8079466e+00
   9.2201513e+00
   9.2201513e+00
   9.3335980e+00
   1.0298790e+01
   1.0487103e+01
   1.0415204e+01
   1.0208434e+01
   1.0413783e+01
   1.0413783e+01
   1.0340170e+01
   1.0145635e+01
   1.0355500e+01
   1.0391196e+01
   1.0498219e+01
   1.0281475e+01
   1.0312113e+01
   9.6316311e+00
   1.0107722e+01
   9.5794539e+00
   9.6697905e+00
   9.9482084e+00
   9.9098888e+00
   9.7069406e+00
   9.7922790e+00
   9.5106751e+00
   9.4687896e+00
   9.4687896e+00
   9.4124496e+00
   9.5896810e+00
   9.4797896e+00
   9.3968695e+00
   9.4392852e+00
   9.4942600e+00
   9.5961400e+00
   9.6496953e+00
   1.0159094e+01
   1.0292945e+01
   1.0400976e+01
   1.0367863e+01
   1.0364934e+01
   1.0238079e+01
   9.6292670e+00
   9.7390047e+00
   9.8496932e+00
   1.0443391e+01
   1.0185228e+01
   9.6995347e+00
   9.4723126e+00
   1.0410326e+01
   1.0097618e+01
   9.2294800e+00
   9.0532892e+00
   9.3425049e+00
   1.0170582e+01
   1.0118394e+01
   9.3920241e+00
   9.5122598e+00
   9.3788068e+00
   1.0290727e+01
   1.0327778e+01
   1.0374646e+01
   1.0324354e+01
   9.4244243e+00
   9.2984699e+00
   8.8702067e+00
   8.7994736e+00
   8.7477147e+00
   8.5647921e+00
   8.4847681e+00
   9.7461483e+00
   1.0266131e+01
   1.0383383e+01
   1.0401494e+01
   1.0359685e+01
   9.6808978e+00
   9.6715748e+00
   9.6301936e+00
   9.7587684e+00
   9.7945111e+00
   1.0243019e+01
   1.0337766e+01
   1.0373121e+01
   1.0495531e+01
   1.0495531e+01
   1.0366547e+01
   1.0365402e+01
   1.0384617e+01
   9.7091464e+00
   9.8465980e+00
   1.0147855e+01
   1.0248721e+01
   1.0010525e+01
   1.0074398e+01
   1.0163476e+01
   1.0265783e+01
   1.0189644e+01
   1.0029960e+01
   9.7414386e+00
   9.9971825e+00
   1.0048228e+01
   9.8411641e+00
   1.0178040e+01
   1.0053151e+01
   1.0085473e+01
   1.0475564e+01
   1.0198126e+01
   1.0179288e+01
   1.0218405e+01
   9.8721161e+00
   9.0844759e+00
   9.2406867e+00
   9.3257296e+00
   9.5128154e+00
   9.5128154e+00
   1.0365653e+01
   1.0431831e+01
   1.0318709e+01
   1.0494642e+01
   1.0373226e+01
   9.8529149e+00
   9.9974372e+00
   9.9342189e+00
   9.6525744e+00
   9.9507131e+00
   1.0237093e+01
   1.0126419e+01
   1.0181524e+01
   1.0240422e+01
   1.0240422e+01
   1.0386216e+01
   9.7419473e+00
   9.6262966e+00
   9.3339966e+00
   9.7536114e+00
   9.9511857e+00
   9.9917508e+00
   9.7917226e+00
   9.7992165e+00
   9.6052836e+00
   9.7847242e+00
   1.0449984e+01
   1.0346763e+01
   9.8651326e+00
   1.0035389e+01
   9.8248280e+00
   1.0018697e+01
   9.4529437e+00
   9.4529437e+00
   9.3265976e+00
   9.3861951e+00
   9.9864668e+00
   1.0060318e+01
   1.0060272e+01
   9.4509574e+00
   9.1994739e+00
   9.3233932e+00
   1.0439142e+01
   1.0430213e+01
   1.0351776e+01
   1.0480732e+01
   1.0383227e+01
   1.0079131e+01
   1.0084239e+01
   1.0219688e+01
   1.0309979e+01
   1.0008605e+01
   9.7421055e+00
   9.8793478e+00
   9.6209756e+00
   9.6209756e+00
   1.0364125e+01
   1.0389730e+01
   1.0389730e+01
   1.0450361e+01
   1.0371088e+01
   9.9217560e+00
   1.0047595e+01
   9.8728470e+00
   9.9494857e+00
   1.0449637e+01
   1.0389296e+01
   1.0033161e+01
   1.0476617e+01
   1.0422892e+01
   1.0339554e+01
   1.0247268e+01
   1.0239044e+01
   1.0347468e+01
   1.0353997e+01
   1.0314433e+01
   9.5358738e+00
   9.9771350e+00
   9.8508460e+00
   9.7869894e+00
   9.8149267e+00
   9.6392081e+00
   1.0278677e+01
   1.0006158e+01
   1.0066990e+01
   9.8138569e+00
   9.8197251e+00
   9.4607375e+00
   9.6379709e+00
   9.5875446e+00
   9.5052420e+00
   1.0271981e+01
   9.7790415e+00
   1.0167380e+01
   1.0225962e+01
   1.0104293e+01
   9.9548475e+00
   9.9108835e+00
   9.9200322e+00
   1.0243740e+01
   9.8669103e+00
   1.0081985e+01
   9.9455820e+00
   9.9412556e+00
   1.0091613e+01
   1.0079535e+01
   9.9160541e+00
   9.5174123e+00
   1.0441671e+01
   1.0176050e+01
   1.0322683e+01
   1.0315476e+01
   1.0452860e+01
   1.0416450e+01
   1.0414458e+01
   1.0414458e+01
   1.0451839e+01
   1.0048451e+01
   9.9763170e+00
   1.0278064e+01
   1.0180916e+01
   9.8159364e+00
   1.0215296e+01
   1.0113105e+01
   1.0086477e+01
   1.0032954e+01
   1.0333496e+01
   1.0361329e+01
   9.0465466e+00
   8.6074652e+00
   8.9498975e+00
   8.9534468e+00
   9.7980622e+00
   1.0402656e+01
   1.0420779e+01
   1.0425690e+01
   1.0329908e+01
   1.0305078e+01
   1.0274388e+01
   1.0087398e+01
   1.0387445e+01
   9.7552295e+00
   9.8821644e+00
   9.9710158e+00
   9.8645306e+00
   1.0389967e+01
   1.0368464e+01
   1.0257550e+01
   1.0389447e+01
   1.0328260e+01
   1.0223004e+01
   1.0081323e+01
   1.0357128e+01
   9.7377819e+00
   9.7293702e+00
   1.0190910e+01
   1.0209129e+01
   1.0209129e+01
   1.0277180e+01
   1.0280127e+01
   9.9868574e+00
   1.0176059e+01
   1.0422339e+01
   9.6869939e+00
   1.0498330e+01
   1.0476797e+01
   1.0349701e+01
   1.0331481e+01
   8.9555608e+00
   9.0124357e+00
   9.0124357e+00
   8.8965159e+00
   1.0127647e+01
   1.0168453e+01
   1.0007829e+01
   1.0118359e+01
   1.0104758e+01
   1.0493676e+01
   1.0435144e+01
   1.0473183e+01
   1.0473183e+01
   1.0498061e+01
   1.0447603e+01
   1.0363993e+01
   9.8590610e+00
   9.1057232e+00
   9.1057232e+00
   9.2212512e+00
   9.2569697e+00
   9.6665703e+00
   9.4641145e+00
   1.0470191e+01
   1.0354552e+01
   1.0409030e+01
   1.0266695e+01
   1.0399595e+01
   1.0382258e+01
   1.0196564e+01
   9.9922138e+00
   1.0046730e+01
   9.6942998e+00
   1.0414310e+01
   1.0477333e+01
   9.9361200e+00
   1.0033818e+01
   1.0041112e+01
   1.0428513e+01
   1.0159859e+01
   1.0225278e+01
   9.6498035e+00
   9.5579722e+00
   9.4673150e+00
   9.5322307e+00
   9.5051954e+00
   9.4835040e+00
   8.9520343e+00
   8.8872437e+00
   9.0621752e+00
   1.0018877e+01
   1.0329110e+01
   9.9076577e+00
   1.0017245e+01
   9.8550312e+00
   1.0042996e+01
   1.0010608e+01
   9.8877216e+00
   9.9716417e+00
   9.9495245e+00
   9.7847636e+00
   9.6222991e+00
   9.9873630e+00
   9.3299652e+00
   9.3666503e+00
   9.4290794e+00
   9.3783347e+00
   9.4845997e+00
   9.5378853e+00
   9.5709016e+00
   9.6989895e+00
   9.8815074e+00
   1.0075538e+01
   9.8684229e+00
   1.0037505e+01
   1.0489134e+01
   9.7177581e+00
   9.8324729e+00
   9.4754689e+00
   8.7274645e+00
   8.5915230e+00
   8.3979428e+00
   8.8977371e+00
   9.8791770e+00
   1.0042011e+01
   9.2434869e+00
   1.0016405e+01
   9.7366630e+00
   1.0325009e+01
   1.0344747e+01
   1.0278059e+01
   1.0007978e+01
   1.0328024e+01
   1.0240283e+01
   1.0209163e+01
   9.5779650e+00
   9.5809337e+00
   9.5296963e+00
   9.3691537e+00
   9.3691537e+00
   9.5681714e+00
   9.9670223e+00
   8.9834118e+00
   9.2005038e+00
   9.3685252e+00
   9.9743871e+00
   1.0023700e+01
   9.9689844e+00
   1.0112860e+01
   1.0112860e+01
   1.0077765e+01
   1.0416766e+01
   1.0176120e+01
   9.9802141e+00
   9.9269666e+00
   1.0262736e+01
   1.0483008e+01
   1.0474584e+01
   9.6704304e+00
   9.7056267e+00
   9.6956462e+00
   1.0042333e+01
   9.9228813e+00
   9.8699092e+00
   9.8699092e+00
   1.0006433e+01
   9.9678060e+00
   1.0114573e+01
   1.0114339e+01
   1.0114339e+01
   9.5520844e+00
   9.5996556e+00
   9.7288337e+00
   1.0179570e+01
   1.0333732e+01
   1.0099517e+01
   9.9132595e+00
   1.0327888e+01
   1.0498796e+01
   1.0447712e+01
   9.8527710e+00
   9.9545205e+00
   1.0013619e+01
   1.0223661e+01
   1.0038604e+01
   1.0106250e+01
   1.0356792e+01
   1.0382685e+01
   1.0387213e+01
   9.7687089e+00
   1.0475233e+01
   1.0320164e+01
   1.0297689e+01
   1.0296108e+01
   9.9654001e+00
   1.0105552e+01
   9.0534144e+00
   8.9289966e+00
   9.6585782e+00
   9.7968804e+00
   1.0215983e+01
   1.0261018e+01
   1.0261018e+01
   1.0261018e+01
   1.0128045e+01
   1.0128045e+01
   9.8858196e+00
   9.9586674e+00
   1.0330058e+01
   1.0266977e+01
   1.0147208e+01
   1.0398536e+01
   1.0485287e+01
   1.0293378e+01
   9.4229464e+00
   9.1600240e+00
   9.3734124e+00
   9.8774387e+00
   9.9112484e+00
   9.6564857e+00
   9.8145158e+00
   9.9954609e+00
   1.0113811e+01
   1.0028640e+01
   1.0038269e+01
   1.0478999e+01
   1.0415169e+01
   1.0115060e+01
   1.0149895e+01
   1.0207478e+01
   1.0030662e+01
   1.0371190e+01
   9.4951039e+00
   9.4390540e+00
   9.8536397e+00
   9.9731620e+00
   9.1486805e+00
   9.5787047e+00
   1.0079653e+01
   9.8698476e+00
   9.3968364e+00
   1.0040111e+01
   9.9910133e+00
   1.0323208e+01
   1.0323208e+01
   1.0132415e+01
   1.0398735e+01
   1.0290553e+01
   1.0145778e+01
   1.0350703e+01
   1.0493252e+01
   1.0261563e+01
   1.0407580e+01
   1.0481131e+01
   1.0384473e+01
   1.0423666e+01
   9.8625466e+00
   9.8474752e+00
   9.7515004e+00
   9.9487452e+00
   9.6000365e+00
   9.8201830e+00
   9.9997329e+00
   1.0166198e+01
   1.0087088e+01
   1.0309617e+01
   1.0282229e+01
   1.0022386e+01
   1.0065814e+01
   9.9753693e+00
   1.0020184e+01
   9.6973255e+00
   9.9716473e+00
   9.7733583e+00
   9.9254124e+00
   1.0000440e+01
   9.7972810e+00
   1.0076716e+01
   1.0268036e+01
   1.0184693e+01
   1.0145157e+01
   9.8805326e+00
   1.0170006e+01
   1.0147061e+01
   9.9626026e+00
   1.0371017e+01
   1.0494147e+01
   1.0285593e+01
   9.0140260e+00
   9.7553775e+00
   1.0401511e+01
   1.0291101e+01
   1.0087918e+01
   1.0059304e+01
   1.0203376e+01
   1.0048413e+01
   1.0148421e+01
   1.0455422e+01
   1.0357221e+01
   1.0091929e+01
   1.0096089e+01
   1.0193100e+01
   1.0147709e+01
   9.8892572e+00
   1.0025687e+01
   9.9445042e+00
   1.0015130e+01
   9.9929264e+00
   1.0017696e+01
   1.0316203e+01
   9.4783270e+00
   9.5465584e+00
   9.5201433e+00
   9.4821957e+00
   8.9511810e+00
   9.3585515e+00
   9.3932513e+00
   1.0146506e+01
   1.0454959e+01
   1.0318992e+01
   1.0487574e+01
   1.0422144e+01
   1.0365438e+01
   9.9398169e+00
   9.8006955e+00
   1.0118344e+01
   1.0272073e+01
   1.0360644e+01
   1.0272579e+01
   9.5900315e+00
   9.5900315e+00
   9.8244382e+00
   1.0048138e+01
   1.0459729e+01
   1.0473536e+01
   1.0434470e+01
   9.6082398e+00
   9.9522870e+00
   1.0462466e+01
   1.0489543e+01
   1.0350952e+01
   1.0222923e+01
   1.0222923e+01
   1.0184733e+01
   1.0215459e+01
   1.0086469e+01
   1.0008742e+01
   9.9016469e+00
   1.0358778e+01
   1.0358778e+01
   1.0175207e+01
   1.0229204e+01
   9.8516753e+00
   9.6104606e+00
   9.8016713e+00
   1.0001186e+01
   1.0365952e+01
   1.0272042e+01
   1.0130531e+01
   9.8107163e+00
   9.2630577e+00
   1.0461981e+01
   1.0207398e+01
   9.9309977e+00
   1.0155959e+01
   9.1314916e+00
   9.6450493e+00
   9.9684447e+00
   9.8495371e+00
   9.8495371e+00
   1.0022020e+01
   9.6167883e+00
   9.6719723e+00
   9.7621974e+00
   9.7621974e+00
   1.0222145e+01
   1.0383905e+01
   1.0174309e+01
   1.0337731e+01
   1.0328812e+01
   1.0023257e+01
   1.0465248e+01
   1.0298818e+01
   1.0330156e+01
   1.0143399e+01
   1.0073159e+01
   9.9292444e+00
   9.9292444e+00
   1.0369468e+01
   1.0232301e+01
   1.0298361e+01
   1.0217058e+01
   1.0451599e+01
   1.0499142e+01
   1.0421227e+01
   1.0449753e+01
   1.0478910e+01
   1.0257135e+01
   1.0055884e+01
   9.9754863e+00
   1.0108050e+01
   1.0400938e+01
   9.6820133e+00
   9.9621433e+00
   1.0083576e+01
   1.0017469e+01
   1.0199436e+01
   1.0127112e+01
   1.0459506e+01
   1.0285699e+01
   1.0222139e+01
   1.0222139e+01
   1.0148557e+01
   1.0417650e+01
   1.0442305e+01
   9.6625390e+00
   9.8641577e+00
   9.6651140e+00
   1.0071875e+01
   1.0184598e+01
   1.0337940e+01
   9.7502483e+00
   9.3513251e+00
   9.4598104e+00
   9.6656586e+00
   9.7723880e+00
   9.7723880e+00
   1.0104482e+01
   1.0443175e+01
   1.0443175e+01
   1.0464833e+01
   9.9788455e+00
   9.9488914e+00
   1.0090850e+01
   1.0146845e+01
   9.5346766e+00
   9.6604713e+00
   9.8438961e+00
   1.0054081e+01
   1.0192979e+01
   1.0075245e+01
   1.0040998e+01
   1.0286875e+01
   1.0351762e+01
   1.0119208e+01
   9.9603383e+00
   1.0132016e+01
   1.0439701e+01
   1.0439701e+01
   1.0227274e+01
   1.0172989e+01
   9.8853603e+00
   9.7433167e+00
   9.5506898e+00
   9.5378816e+00
   9.2796808e+00
   9.0820636e+00
   9.2210828e+00
   1.0082251e+01
   1.0242749e+01
   9.8378035e+00
   1.0468199e+01
   9.7076759e+00
   1.0294005e+01
   9.7173907e+00
   9.0362148e+00
   9.2159392e+00
   8.8998185e+00
   9.0728898e+00
   9.6446014e+00
   9.6664708e+00
   9.5904297e+00
   9.3667956e+00
   1.0417543e+01
   1.0431090e+01
   1.0186351e+01
   1.0220201e+01
   1.0172302e+01
   1.0078999e+01
   9.9675726e+00
   1.0086408e+01
   1.0108629e+01
   1.0359018e+01
   1.0066976e+01
   1.0193957e+01
   1.0365158e+01
   1.0020644e+01
   9.8692539e+00
   8.9567645e+00
   9.1112924e+00
   9.7736448e+00
   9.4988646e+00
   1.0220266e+01
   1.0370700e+01
   1.0264641e+01
   1.0278897e+01
   9.7596161e+00
   9.8964157e+00
   1.0100958e+01
   1.0196455e+01
   1.0324856e+01
   1.0333429e+01
   1.0470017e+01
   1.0230400e+01
   1.0018965e+01
   1.0155732e+01
   1.0246014e+01
   1.0083546e+01
   1.0308428e+01
   9.7101983e+00
   9.6583333e+00
   9.9720168e+00
   9.7884696e+00
   9.8192681e+00
   9.8192681e+00
   9.6788343e+00
   9.7260060e+00
   1.0090434e+01
   1.0160884e+01
   1.0138268e+01
   1.0086763e+01
   1.0188614e+01
   1.0167109e+01
   9.7512835e+00
   9.9877580e+00
   1.0284827e+01
   1.0420570e+01
   1.0354121e+01
   9.9277762e+00
   1.0215584e+01
   9.7801432e+00
   1.0306296e+01
   1.0446613e+01
   1.0166668e+01
   9.6544961e+00
   9.2739805e+00
   9.1999902e+00
   9.1728918e+00
   9.2200178e+00
   9.3602051e+00
   9.6062367e+00
   1.0152546e+01
   9.9922645e+00
   9.9120243e+00
   9.8000358e+00
   9.4073124e+00
   9.7171814e+00
   9.8482568e+00
   1.0029185e+01
   1.0178744e+01
   9.5758912e+00
   9.4342783e+00
   9.4342783e+00
   1.0083528e+01
   1.0313616e+01
   1.0144769e+01
   9.5713075e+00
   1.0129623e+01
   9.6922774e+00
   9.4951196e+00
   9.5708605e+00
   9.5760542e+00
   9.5760542e+00
   1.0052695e+01
   1.0097285e+01
   1.0068723e+01
   9.4495685e+00
   9.6721633e+00
   1.0410885e+01
   1.0361645e+01
   1.0498546e+01
   1.0327651e+01
   1.0259409e+01
   1.0259409e+01
   1.0178328e+01
   1.0156875e+01
   1.0454783e+01
   1.0476555e+01
   1.0333036e+01
   1.0455872e+01
   1.0450677e+01
   1.0246883e+01
   1.0249229e+01
   1.0386547e+01
   1.0361867e+01
   1.0318769e+01
   1.0141910e+01
   1.0463743e+01
   9.7598496e+00
   9.7424452e+00
   9.6489642e+00
   9.7897692e+00
   1.0157568e+01
   9.7422665e+00
   9.4580242e+00
   9.3456803e+00
   1.0108481e+01
   9.8184043e+00
   1.0044294e+01
   1.0223530e+01
   9.9939615e+00
   9.8786638e+00
   1.0263719e+01
   1.0267009e+01
   1.0299662e+01
   1.0371090e+01
   1.0378096e+01
   1.0434173e+01
   9.8138083e+00
   1.0198482e+01
   9.5444236e+00
   9.4350666e+00
   9.8311672e+00
   9.6078545e+00
   9.7775038e+00
   9.7775038e+00
   9.7694176e+00
   1.0295990e+01
   1.0380257e+01
   1.0409236e+01
   1.0141355e+01
   1.0318684e+01
   1.0155658e+01
   1.0458705e+01
   1.0456784e+01
   9.9268811e+00
   9.8618296e+00
   9.9115890e+00
   9.9714510e+00
   9.6676142e+00
   9.6808942e+00
   1.0418040e+01
   1.0322321e+01
   1.0087022e+01
   9.9536903e+00
   9.9536903e+00
   9.8850408e+00
   1.0022551e+01
   9.9124695e+00
   9.7021337e+00
   9.6832073e+00
   9.8681606e+00
   9.9695695e+00
   1.0352545e+01
   9.8718070e+00
   9.4638908e+00
   9.5305183e+00
   9.2402367e+00
   9.3811234e+00
   9.5504882e+00
   9.7331270e+00
   1.0488755e+01
   1.0488755e+01
   1.0439333e+01
   1.0307889e+01
   9.7267616e+00
   1.0477177e+01
   1.0384540e+01
   1.0078391e+01
   1.0257541e+01
   9.8568825e+00
   1.0322977e+01
   1.0289293e+01
   1.0448388e+01
   9.9145789e+00
   1.0133286e+01
   1.0063345e+01
   9.7994710e+00
   9.9223163e+00
   1.0269773e+01
   1.0353155e+01
   1.0361169e+01
   1.0348890e+01
   9.7000019e+00
   1.0479924e+01
   1.0496954e+01
   1.0498412e+01
   1.0355677e+01
   1.0070362e+01
   1.0064072e+01
   1.0105069e+01
   9.9383827e+00
   1.0208298e+01
   9.7713189e+00
   9.6837000e+00
   9.6893113e+00
   9.9278408e+00
   9.8013646e+00
   9.3127219e+00
   9.9621724e+00
   9.8693877e+00
   9.9632497e+00
   9.9587446e+00
   9.7225855e+00
   9.7156534e+00
   9.7159209e+00
   9.9844868e+00
   1.0173701e+01
   1.0320447e+01
   1.0291266e+01
   1.0377200e+01
   1.0346573e+01
   1.0289399e+01
   1.0304593e+01
   9.9187448e+00
   9.8233308e+00
   9.2635962e+00
   9.9118138e+00
   1.0173118e+01
   1.0434865e+01
   1.0434865e+01
   1.0188804e+01
   1.0246280e+01
   1.0275613e+01
   1.0168687e+01
   9.8676433e+00
   9.6253260e+00
   9.5074263e+00
   9.9057548e+00
   9.7640043e+00
   1.0049742e+01
   1.0221215e+01
   1.0415875e+01
   1.0443286e+01
   1.0401060e+01
   1.0332939e+01
   1.0088458e+01
   1.0091668e+01
   1.0264146e+01
   1.0339544e+01
   1.0214587e+01
   1.0214587e+01
   1.0111382e+01
   1.0122926e+01
   1.0473636e+01
   9.9595600e+00
   9.8938321e+00
   1.0393821e+01
   1.0276414e+01
   1.0026090e+01
   1.0026090e+01
   9.9798232e+00
   1.0138146e+01
   1.0096681e+01
   1.0125534e+01
   1.0491590e+01
   1.0200539e+01
   9.7723375e+00
   1.0177148e+01
   1.0495056e+01
   1.0059448e+01
   1.0121332e+01
   1.0177928e+01
   1.0089354e+01
   1.0354614e+01
   9.8395270e+00
   1.0413497e+01
   1.0412750e+01
   1.0270414e+01
   1.0319260e+01
   1.0197021e+01
   1.0384623e+01
   1.0273137e+01
   1.0458360e+01
   1.0285080e+01
   1.0217217e+01
   1.0143759e+01
   1.0239240e+01
   1.0496854e+01
   1.0496854e+01
   1.0337280e+01
   1.0226857e+01
   1.0356995e+01
   1.0356995e+01
   1.0306947e+01
   1.0262917e+01
   1.0355259e+01
   1.0228265e+01
   1.0312764e+01
   1.0368476e+01
   1.0479550e+01
   1.0004828e+01
   9.8994467e+00
   9.8418898e+00
   1.0327133e+01
   1.0111763e+01
   1.0200535e+01
   9.6677755e+00
   1.0269518e+01
   1.0168337e+01
   1.0398159e+01
   1.0434536e+01
   9.6487661e+00
   9.3068629e+00
   9.5271090e+00
   1.0128191e+01
   1.0036083e+01
   1.0038681e+01
   1.0340045e+01
   1.0272889e+01
   1.0215096e+01
   1.0414886e+01
   1.0453527e+01
   1.0454262e+01
   1.0475314e+01
   1.0479365e+01
   9.6604878e+00
   9.9734202e+00
   9.6016801e+00
   9.8865584e+00
   9.8681529e+00
   9.9056827e+00
   1.0071231e+01
   1.0471844e+01
   1.0403519e+01
   1.0403519e+01
   1.0391454e+01
   1.0325560e+01
   1.0060909e+01
   1.0436595e+01
   1.0409626e+01
   1.0343326e+01
   1.0354904e+01
   1.0418203e+01
   1.0361515e+01
   1.0489189e+01
   1.0182054e+01
   1.0294005e+01
   1.0337641e+01
   1.0474304e+01
   1.0133614e+01
   9.9230658e+00
   9.7591268e+00
   9.6228654e+00
   9.6207910e+00
   9.6207910e+00
   9.6996827e+00
   9.1866636e+00
   9.6735362e+00
   9.7956532e+00
   9.1336296e+00
   9.3133014e+00
   9.4959732e+00
   9.9750972e+00
   1.0196367e+01
   9.8992677e+00
   9.7529218e+00
   9.8984530e+00
   9.7918183e+00
   9.7629913e+00
   9.8147166e+00
   1.0463311e+01
   1.0271947e+01
   1.0271947e+01
   1.0303225e+01
   9.8183504e+00
   9.8183504e+00
   9.7910495e+00
   1.0275107e+01
   1.0275107e+01
   1.0152896e+01
   9.7583344e+00
   1.0374591e+01
   1.0263657e+01
   1.0039464e+01
   1.0147491e+01
   1.0012270e+01
   9.3690780e+00
   9.3167539e+00
   9.7309384e+00
   9.0506498e+00
   9.2993917e+00
   9.3897343e+00
   9.4855722e+00
   9.4817903e+00
   1.0354618e+01
   1.0354618e+01
   1.0276675e+01
   1.0493882e+01
   1.0472301e+01
   1.0351191e+01
   1.0396765e+01
   1.0404815e+01
   9.5726839e+00
   9.6028794e+00
   9.5108575e+00
   1.0093128e+01
   1.0171976e+01
   9.7357610e+00
   9.5537081e+00
   9.8998495e+00
   9.9048159e+00
   9.8841364e+00
   1.0113001e+01
   1.0119510e+01
   1.0285475e+01
   9.8857379e+00
   1.0294738e+01
   1.0295322e+01
   1.0155037e+01
   9.3895102e+00
   9.2471120e+00
   9.1847758e+00
   9.4197297e+00
   9.2106870e+00
   9.6718205e+00
   1.0316816e+01
   1.0253911e+01
   1.0330749e+01
   1.0114124e+01
   1.0114124e+01
   9.8999845e+00
   9.8881716e+00
   1.0365041e+01
   1.0323421e+01
   9.9572607e+00
   9.9109513e+00
   9.8888533e+00
   9.9647223e+00
   1.0177736e+01
   9.6595653e+00
   9.5562236e+00
   1.0031524e+01
   9.7932689e+00
   1.0297580e+01
   1.0147082e+01
   1.0347434e+01
   1.0037940e+01
   1.0056513e+01
   1.0011086e+01
   9.5981871e+00
   9.7015138e+00
   9.7879646e+00
   1.0021510e+01
   9.8082779e+00
   9.8843200e+00
   9.6768942e+00
   1.0112166e+01
   9.5810749e+00
   9.5810749e+00
   9.6981768e+00
   8.9631125e+00
   9.1378763e+00
   1.0241734e+01
   9.9494282e+00
   1.0145092e+01
   1.0360605e+01
   1.0374491e+01
   1.0365594e+01
   1.0140811e+01
   1.0172831e+01
   1.0271961e+01
   9.9687826e+00
   9.8426974e+00
   1.0311399e+01
   1.0409036e+01
   1.0229030e+01
   1.0426616e+01
   1.0307742e+01
   1.0307742e+01
   1.0254696e+01
   1.0393721e+01
   1.0255074e+01
   9.7525046e+00
   9.5367560e+00
   1.0100004e+01
   1.0118211e+01
   1.0244355e+01
   9.8723895e+00
   1.0440601e+01
   9.8011790e+00
   9.6109612e+00
   1.0292869e+01
   9.8004718e+00
   9.8865180e+00
   9.8865180e+00
   9.8261690e+00
   9.6079363e+00
   1.0371350e+01
   1.0236506e+01
   1.0028851e+01
   1.0348259e+01
   9.7586861e+00
   9.6946975e+00
   1.0358084e+01
   1.0358084e+01
   1.0382312e+01
   1.0155456e+01
   9.8768829e+00
   9.7849460e+00
   9.9453539e+00
   1.0102459e+01
   1.0152439e+01
   1.0340966e+01
   1.0485742e+01
   1.0487148e+01
   1.0429817e+01
   1.0261421e+01
   1.0259824e+01
   9.9065938e+00
   1.0066732e+01
   1.0349740e+01
   1.0005374e+01
   9.6268949e+00
   9.8801963e+00
   1.0313720e+01
   1.0415066e+01
   1.0376875e+01
   1.0244975e+01
   9.9761533e+00
   1.0312404e+01
   1.0342031e+01
   1.0270238e+01
   1.0294163e+01
   9.5972616e+00
   9.7468692e+00
   9.9290140e+00
   9.8182575e+00
   9.9206652e+00
   9.7409474e+00
   1.0361976e+01
   1.0275143e+01
   1.0174048e+01
   1.0026698e+01
   1.0403724e+01
   1.0489667e+01
   1.0402400e+01
   1.0386794e+01
   1.0494680e+01
   1.0452616e+01
   1.0366246e+01
   1.0028423e+01
   9.7790083e+00
   9.8753002e+00
   1.0013094e+01
   9.9770363e+00
   1.0257497e+01
   1.0456698e+01
   1.0497065e+01
   1.0363915e+01
   9.7482435e+00
   1.0042401e+01
   9.9178205e+00
   1.0157466e+01
   9.8249009e+00
   1.0002016e+01
   9.8133203e+00
   9.8133203e+00
   1.0087504e+01
   1.0198990e+01
   1.0468102e+01
   1.0300953e+01
   1.0177370e+01
   9.8956235e+00
   9.5096696e+00
   9.5546117e+00
   9.5917058e+00
   1.0370018e+01
   1.0139942e+01
   1.0179001e+01
   1.0180116e+01
   1.0135317e+01
   1.0162228e+01
   1.0427121e+01
   1.0127283e+01
   9.3378283e+00
   9.7975417e+00
   1.0162867e+01
   1.0054994e+01
   1.0056336e+01
   9.9766756e+00
   1.0230493e+01
   1.0259019e+01
   9.7458781e+00
   9.6618824e+00
   1.0344514e+01
   9.6360723e+00
   9.2596962e+00
   9.2489481e+00
   9.2954349e+00
   8.7015960e+00
   9.4452162e+00
   9.2859342e+00
   9.8881603e+00
   9.8881603e+00
   9.7852832e+00
   9.9149914e+00
   9.9100423e+00
   9.7060372e+00
   9.9345903e+00
   9.7693507e+00
   1.0051454e+01
   1.0053977e+01
   9.8895708e+00
   9.7607694e+00
   9.7932875e+00
   1.0093280e+01
   1.0167977e+01
   1.0296527e+01
   9.7892513e+00
   9.9140954e+00
   9.9127602e+00
   9.6580768e+00
   9.6766776e+00
   9.6126747e+00
   9.8786499e+00
   9.8786499e+00
   1.0182424e+01
   9.4535684e+00
   9.0709465e+00
   9.7829724e+00
   1.0361021e+01
   9.8758904e+00
   9.6601839e+00
   1.0373998e+01
   1.0409444e+01
   1.0451365e+01
   1.0172691e+01
   1.0254540e+01
   1.0210625e+01
   1.0354184e+01
   1.0344035e+01
   1.0434529e+01
   1.0244998e+01
   1.0390527e+01
   1.0198846e+01
   1.0169236e+01
   9.5827632e+00
   1.0427447e+01
   9.5816254e+00
   1.0212716e+01
   1.0146622e+01
   1.0037631e+01
   9.3719613e+00
   1.0096509e+01
   1.0229975e+01
   1.0389292e+01
   1.0136413e+01
   1.0136413e+01
   1.0152736e+01
   1.0328822e+01
   1.0360076e+01
   1.0459653e+01
   9.8259897e+00
   9.5852779e+00
   9.9241105e+00
   9.7998687e+00
   1.0278993e+01
   1.0457425e+01
   1.0386424e+01
   1.0281950e+01
   9.9661051e+00
   1.0307859e+01
   9.6787587e+00
   1.0005412e+01
   1.0350546e+01
   1.0336189e+01
   1.0435484e+01
   9.7205718e+00
   1.0386241e+01
   9.7738253e+00
   9.8775032e+00
   9.9487170e+00
   9.1037234e+00
   9.2098671e+00
   9.0630726e+00
   8.9723176e+00
   8.8168802e+00
   8.3802315e+00
   9.6274009e+00
   1.0432415e+01
   1.0255837e+01
   1.0182608e+01
   1.0053663e+01
   1.0182789e+01
   1.0326339e+01
   1.0202475e+01
   1.0068288e+01
   1.0033539e+01
   1.0248281e+01
   9.6138428e+00
   9.4975129e+00
   9.4972763e+00
   9.7237891e+00
   9.7114917e+00
   9.7683321e+00
   9.8241920e+00
   9.5463810e+00
   9.4730570e+00
   1.0058014e+01
   1.0404671e+01
   1.0404671e+01
   1.0368660e+01
   1.0363553e+01
   1.0139541e+01
   9.5270107e+00
   8.8753726e+00
   8.8405240e+00
   8.5103244e+00
   8.1821789e+00
   9.2062799e+00
   9.3972608e+00
   9.7458858e+00
   9.9204834e+00
   1.0100297e+01
   9.7987443e+00
   9.7987443e+00
   1.0411562e+01
   1.0300042e+01
   1.0476742e+01
   1.0159782e+01
   9.1626976e+00
   9.0630572e+00
   9.0630572e+00
   9.2798116e+00
   9.2765918e+00
   9.2849378e+00
   9.5947949e+00
   9.2635822e+00
   9.4063831e+00
   9.5632841e+00
   9.8873604e+00
   9.9701383e+00
   9.9090762e+00
   1.0237196e+01
   1.0402326e+01
   1.0362139e+01
   1.0358059e+01
   1.0197361e+01
   1.0448003e+01
   9.9337131e+00
   9.1402190e+00
   9.2511274e+00
   9.2833278e+00
   9.2777555e+00
   9.3865534e+00
   9.0815138e+00
   9.5565765e+00
   9.5774969e+00
   9.8484987e+00
   1.0480077e+01
   1.0091644e+01
   1.0486517e+01
   1.0391870e+01
   9.5643828e+00
   1.0010369e+01
   1.0010369e+01
   1.0261539e+01
   1.0159592e+01
   9.9041065e+00
   9.8090345e+00
   9.3535199e+00
   9.4763045e+00
   9.3482226e+00
   9.4683641e+00
   9.4759903e+00
   9.4824358e+00
   1.0196081e+01
   9.8221748e+00
   9.9069123e+00
   9.9639725e+00
   1.0112471e+01
   1.0453411e+01
   1.0163221e+01
   1.0163221e+01
   9.7561910e+00
   9.7872496e+00
   9.7880592e+00
   9.9907593e+00
   9.9799933e+00
   1.0021587e+01
   1.0160900e+01
   1.0079210e+01
   1.0169751e+01
   1.0169751e+01
   1.0029461e+01
   1.0332540e+01
   1.0362816e+01
   1.0094525e+01
   9.7689634e+00
   1.0267300e+01
   9.8991714e+00
   1.0149515e+01
   1.0083822e+01
   1.0122720e+01
   9.7890024e+00
   9.9155412e+00
   9.8505346e+00
   9.9536960e+00
   1.0260948e+01
   9.8357002e+00
   9.8541751e+00
   9.9158776e+00
   9.2147127e+00
   8.9543246e+00
   8.9543246e+00
   9.3110122e+00
   9.4297274e+00
   9.4297274e+00
   9.5571022e+00
   9.5964607e+00
   9.4285280e+00
   9.3864737e+00
   9.5116226e+00
   9.6347759e+00
   9.5217947e+00
   1.0274483e+01
   1.0128331e+01
   1.0146421e+01
   1.0145329e+01
   9.8859805e+00
   9.9308805e+00
   1.0014327e+01
   9.9464631e+00
   1.0097733e+01
   1.0087226e+01
   9.5659392e+00
   9.6150149e+00
   9.8603485e+00
   1.0311477e+01
   9.6681904e+00
   9.7630974e+00
   1.0036914e+01
   9.9495330e+00
   9.9084953e+00
   9.9774267e+00
   1.0307708e+01
   1.0259858e+01
   1.0119921e+01
   9.9992798e+00
   1.0150677e+01
   1.0250977e+01
   1.0236784e+01
   9.7345143e+00
   1.0051690e+01
   9.1660070e+00
   9.5033138e+00
   9.4033425e+00
   9.5521058e+00
   9.5521058e+00
   9.6217889e+00
   1.0269430e+01
   1.0439648e+01
   1.0331394e+01
   1.0203897e+01
   1.0153429e+01
   1.0311916e+01
   1.0115615e+01
   1.0057083e+01
   1.0184178e+01
   1.0079655e+01
   9.7823865e+00
   1.0350036e+01
   1.0064738e+01
   1.0152822e+01
   1.0359557e+01
   1.0232028e+01
   1.0303610e+01
   1.0462838e+01
   1.0456690e+01
   1.0372335e+01
   1.0344672e+01
   9.1918758e+00
   9.3650416e+00
   9.1822963e+00
   9.3392013e+00
   9.5719082e+00
   9.8171628e+00
   9.2562613e+00
   9.2562613e+00
   9.4237648e+00
   1.0042166e+01
   9.8456106e+00
   1.0459939e+01
   1.0169347e+01
   1.0352612e+01
   1.0336564e+01
   1.0171661e+01
   9.8063617e+00
   8.9871744e+00
   9.3047314e+00
   9.2242518e+00
   9.3446457e+00
   9.3446457e+00
   9.4710459e+00
   9.4053341e+00
   9.3422832e+00
   9.2839711e+00
   9.1892502e+00
   9.6463389e+00
   9.6808593e+00
   1.0009272e+01
   1.0149446e+01
   9.8180042e+00
   9.7175903e+00
   9.7798146e+00
   1.0061727e+01
   1.0169250e+01
   1.0268590e+01
   1.0218070e+01
   1.0161483e+01
   1.0239305e+01
   1.0077552e+01
   1.0249371e+01
   9.9259960e+00
   9.9795180e+00
   9.9343373e+00
   9.9056321e+00
   9.7998983e+00
   9.7743616e+00
   9.8779497e+00
   9.9396585e+00
   9.7602423e+00
   1.0358971e+01
   1.0193251e+01
   1.0125590e+01
   9.7389670e+00
   9.6791630e+00
   1.0242676e+01
   9.5348952e+00
   9.4153667e+00
   9.5524431e+00
   1.0051165e+01
   1.0178267e+01
   1.0215134e+01
   1.0248953e+01
   1.0083642e+01
   9.9874611e+00
   9.9953485e+00
   9.6879655e+00
   9.8390385e+00
   1.0069146e+01
   9.4532297e+00
   9.5157820e+00
   9.7378387e+00
   9.1101154e+00
   9.3677622e+00
   9.3677622e+00
   1.0173578e+01
   1.0235452e+01
   9.2752982e+00
   9.2731250e+00
   9.3853108e+00
   9.6053130e+00
   9.4546939e+00
   9.3514017e+00
   9.7631388e+00
   9.7631388e+00
   9.5036599e+00
   9.9332885e+00
   1.0095035e+01
   9.5306414e+00
   9.8205120e+00
   9.9649769e+00
   9.7072343e+00
   1.0462535e+01
   1.0058759e+01
   1.0091309e+01
   1.0064339e+01
   1.0429546e+01
   1.0337831e+01
   9.7990404e+00
   1.0167544e+01
   1.0158453e+01
   1.0412186e+01
   9.2602353e+00
   9.8901048e+00
   9.6736564e+00
   9.5070719e+00
   9.6403294e+00
   9.9512682e+00
   1.0368563e+01
   1.0373883e+01
   1.0215607e+01
   9.8065554e+00
   9.3613958e+00
   9.8160895e+00
   9.7792309e+00
   1.0227512e+01
   1.0205852e+01
   1.0420932e+01
   9.8998611e+00
   1.0133221e+01
   1.0154799e+01
   1.0312754e+01
   1.0423070e+01
   1.0283193e+01
   1.0005604e+01
   1.0005604e+01
   9.9682918e+00
   1.0226059e+01
   1.0226059e+01
   9.8034705e+00
   9.9021279e+00
   9.8307365e+00
   9.4868794e+00
   1.0173286e+01
   1.0199052e+01
   1.0217864e+01
   1.0110643e+01
   1.0217072e+01
   9.8365864e+00
   9.8613551e+00
   9.4331661e+00
   9.4530659e+00
   9.3836212e+00
   9.7514914e+00
   9.6452775e+00
   9.8014808e+00
   9.3293800e+00
   9.1352920e+00
   1.0103802e+01
   9.2227932e+00
   9.2210647e+00
   9.1470238e+00
   8.8818131e+00
   9.1160023e+00
   9.1118059e+00
   9.0747193e+00
   1.0187059e+01
   9.8510314e+00
   9.8295160e+00
   9.5933723e+00
   1.0090301e+01
   9.8660719e+00
   9.5457398e+00
   9.6161551e+00
   9.4669124e+00
   9.6177792e+00
   9.6904700e+00
   9.8709247e+00
   1.0457660e+01
   1.0464944e+01
   1.0443426e+01
   1.0010755e+01
   1.0124618e+01
   1.0003937e+01
   9.9335151e+00
   9.4860706e+00
   9.7942107e+00
   1.0016232e+01
   9.6911465e+00
   9.4585082e+00
   9.4170311e+00
   9.4006687e+00
   8.7393818e+00
   1.0192177e+01
   1.0282144e+01
   1.0195588e+01
   1.0432467e+01
   1.0477094e+01
   1.0443438e+01
   1.0414828e+01
   9.7355724e+00
   9.8347933e+00
   9.9515628e+00
   1.0324720e+01
   1.0446290e+01
   1.0446290e+01
   1.0073958e+01
   1.0328849e+01
   1.0236068e+01
   1.0456095e+01
   1.0456095e+01
   1.0385342e+01
   1.0370624e+01
   1.0313662e+01
   1.0273192e+01
   9.9939684e+00
   9.9061660e+00
   9.9200524e+00
   1.0232263e+01
   9.8093501e+00
   1.0479127e+01
   9.6247116e+00
   9.7099643e+00
   9.6456419e+00
   1.0135040e+01
   1.0419573e+01
   1.0437037e+01
   9.9079013e+00
   9.9141052e+00
   1.0217543e+01
   9.9790425e+00
   1.0240770e+01
   1.0273479e+01
   1.0090382e+01
   1.0048652e+01
   1.0057090e+01
   9.6892742e+00
   9.6723830e+00
   9.7438848e+00
   9.6540535e+00
   9.9021087e+00
   1.0187734e+01
   1.0441654e+01
   1.0446559e+01
   1.0159740e+01
   1.0159740e+01
   1.0492289e+01
   1.0340995e+01
   9.8905765e+00
   9.8446699e+00
   9.8176619e+00
   9.6861064e+00
   1.0205892e+01
   1.0394567e+01
   9.5369209e+00
   1.0288205e+01
   1.0332576e+01
   1.0007467e+01
   9.9274291e+00
   9.7795519e+00
   9.8741612e+00
   1.0012081e+01
   9.7274053e+00
   9.8833811e+00
   1.0423126e+01
   1.0379256e+01
   1.0392644e+01
   9.8722663e+00
   1.0094223e+01
   1.0004375e+01
   1.0095506e+01
   1.0379192e+01
   9.8042892e+00
   9.6514350e+00
   9.6686115e+00
   9.7019698e+00
   9.4765940e+00
   9.4765940e+00
   1.0427516e+01
   1.0403281e+01
   1.0339345e+01
   1.0367154e+01
   1.0206501e+01
   1.0189420e+01
   1.0189420e+01
   9.6996212e+00
   9.9197840e+00
   9.9328518e+00
   1.0137923e+01
   1.0473745e+01
   1.0473745e+01
   1.0258608e+01
   9.5239763e+00
   9.0278495e+00
   9.2285734e+00
   9.5518341e+00
   9.2367092e+00
   9.2892054e+00
   9.2246928e+00
   9.7771196e+00
   9.7284781e+00
   1.0169234e+01
   1.0128590e+01
   1.0027083e+01
   1.0034585e+01
   1.0449434e+01
   1.0235165e+01
   1.0093757e+01
   1.0088630e+01
   9.8100890e+00
   1.0077402e+01
   1.0105521e+01
   1.0085920e+01
   1.0181801e+01
   1.0386921e+01
   1.0248642e+01
   9.9874711e+00
   1.0399260e+01
   1.0355060e+01
   1.0369762e+01
   1.0387730e+01
   9.9613723e+00
   9.7201600e+00
   1.0092479e+01
   9.9342164e+00
   1.0035844e+01
   1.0052389e+01
   1.0149595e+01
   1.0459731e+01
   1.0357262e+01
   9.7950266e+00
   9.8487261e+00
   9.8864820e+00
   1.0092127e+01
   1.0220436e+01
   9.6722854e+00
   9.6690350e+00
   1.0478919e+01
   9.9026517e+00
   9.6771544e+00
   9.7286548e+00
   9.8101355e+00
   9.6470914e+00
   1.0273276e+01
   1.0218925e+01
   9.8518353e+00
   9.8293043e+00
   9.7409595e+00
   9.8298597e+00
   9.5822556e+00
   9.5902782e+00
   9.3005787e+00
   9.9300459e+00
   1.0348396e+01
   9.9344865e+00
   1.0058335e+01
   1.0301235e+01
   9.6912724e+00
   9.6747580e+00
   9.4303406e+00
   9.4179086e+00
   9.4179086e+00
   9.5032175e+00
   9.7451497e+00
   9.9355654e+00
   9.9851103e+00
   1.0082721e+01
   9.8754215e+00
   9.7519490e+00
   9.6492710e+00
   9.7720121e+00
   9.3256080e+00
   9.9025542e+00
   9.9025542e+00
   1.0178757e+01
   1.0305256e+01
   1.0051299e+01
   9.8987658e+00
   1.0164051e+01
   1.0159653e+01
   9.8703603e+00
   1.0498033e+01
   1.0498033e+01
   1.0339943e+01
   1.0320702e+01
   9.5956322e+00
   9.6189076e+00
   9.7349727e+00
   1.0221740e+01
   1.0353815e+01
   1.0353815e+01
   1.0368924e+01
   9.8891233e+00
   9.8793687e+00
   9.8333546e+00
   1.0003771e+01
   9.9645945e+00
   9.7714849e+00
   1.0229791e+01
   1.0004143e+01
   9.3879733e+00
   9.4505073e+00
   9.5864056e+00
   1.0288428e+01
   1.0171447e+01
   9.8024444e+00
   9.8216262e+00
   9.2463364e+00
   1.0142519e+01
   9.4909967e+00
   9.4909967e+00
   9.4909967e+00
   9.3617010e+00
   9.9666325e+00
   1.0464660e+01
   1.0497245e+01
   1.0155352e+01
   1.0062293e+01
   1.0073730e+01
   1.0133587e+01
   9.9412739e+00
   9.9011507e+00
   9.7961606e+00
   9.9640006e+00
   9.5278088e+00
   9.7254865e+00
   1.0240358e+01
   1.0300078e+01
   1.0089476e+01
   1.0099549e+01
   1.0243520e+01
   1.0184061e+01
   9.9744910e+00
   1.0094867e+01
   1.0012292e+01
   1.0193389e+01
   1.0188376e+01
   1.0429426e+01
   1.0265318e+01
   1.0164614e+01
   1.0263377e+01
   1.0394684e+01
   9.5555479e+00
   9.5555479e+00
   9.4603738e+00
   9.8029094e+00
   9.9103729e+00
   1.0153639e+01
   1.0153469e+01
   1.0440335e+01
   9.8481362e+00
   9.3331148e+00
   9.1035445e+00
   1.0037823e+01
   1.0043477e+01
   1.0275473e+01
   1.0173450e+01
   9.5255689e+00
   9.8610822e+00
   9.8309336e+00
   9.7224034e+00
   9.4923562e+00
   1.0019547e+01
   1.0077392e+01
   9.4596461e+00
   9.4596461e+00
   9.4361794e+00
   9.7956476e+00
   9.3041935e+00
   8.8606933e+00
   8.9492651e+00
   9.6408965e+00
   9.7814277e+00
   9.4007489e+00
   9.7467608e+00
   9.5121616e+00
   9.6542814e+00
   9.5607972e+00
   9.6811155e+00
   9.8675701e+00
   9.8675701e+00
   9.7827753e+00
   9.9123823e+00
   1.0468458e+01
   1.0467604e+01
   1.0453403e+01
   1.0302916e+01
   1.0330636e+01
   1.0142950e+01
   9.7887675e+00
   9.9993628e+00
   9.6798442e+00
   9.7427506e+00
   9.7554445e+00
   9.5301348e+00
   9.7476867e+00
   9.7877461e+00
   1.0397850e+01
   1.0197486e+01
   9.7994837e+00
   1.0052464e+01
   1.0013014e+01
   1.0050786e+01
   1.0089564e+01
   9.5880566e+00
   9.8281880e+00
   9.8493758e+00
   9.9403552e+00
   1.0177494e+01
   9.9577378e+00
   1.0008155e+01
   1.0225919e+01
   9.9910085e+00
   9.8617476e+00
   9.8493758e+00
   9.8466813e+00
   1.0132194e+01
   1.0135866e+01
   1.0161605e+01
   1.0214052e+01
   9.8345701e+00
   1.0440369e+01
   9.7920600e+00
   1.0344249e+01
   1.0426762e+01
   9.9437197e+00
   1.0078957e+01
   1.0182280e+01
   1.0244934e+01
   1.0375714e+01
   1.0253961e+01
   1.0286784e+01
   1.0301911e+01
   1.0340935e+01
   1.0131293e+01
   1.0288862e+01
   1.0404440e+01
   1.0418984e+01
   1.0363690e+01
   1.0304391e+01
   1.0271777e+01
   1.0009837e+01
   1.0009837e+01
   9.6791841e+00
   9.8080401e+00
   9.8080401e+00
   1.0404260e+01
   1.0273148e+01
   1.0072312e+01
   1.0304420e+01
   1.0364923e+01
   1.0224618e+01
   1.0320467e+01
   1.0492229e+01
   1.0439251e+01
   9.9666221e+00
   9.6334599e+00
   9.6735185e+00
   9.6735185e+00
   9.3596624e+00
   9.6790904e+00
   9.6087238e+00
   9.8057630e+00
   9.6284941e+00
   9.5864884e+00
   1.0386187e+01
   9.9342364e+00
   9.7878523e+00
   9.7878523e+00
   9.5593676e+00
   1.0102966e+01
   1.0144940e+01
   1.0144940e+01
   9.6465778e+00
   9.9595269e+00
   9.7182168e+00
   9.3861982e+00
   9.8292052e+00
   1.0310904e+01
   1.0163629e+01
   1.0392033e+01
   1.0391999e+01
   1.0448820e+01
   1.0204292e+01
   1.0385814e+01
   1.0408820e+01
   1.0353903e+01
   1.0436046e+01
   1.0340108e+01
   1.0242557e+01
   1.0445502e+01
   1.0235780e+01
   1.0054102e+01
   1.0366627e+01
   1.0095920e+01
   1.0183526e+01
   9.9616892e+00
   1.0191563e+01
   1.0205653e+01
   1.0350335e+01
   1.0038430e+01
   1.0030127e+01
   9.7703624e+00
   9.7533862e+00
   1.0367551e+01
   1.0428178e+01
   1.0383689e+01
   1.0232720e+01
   1.0243647e+01
   1.0224803e+01
   1.0103954e+01
   9.4188141e+00
   9.5129307e+00
   9.5359260e+00
   9.5735713e+00
   9.8263928e+00
   9.5767690e+00
   9.5767690e+00
   1.0094061e+01
   9.8763956e+00
   9.8408874e+00
   9.9437135e+00
   9.8134241e+00
   9.9357508e+00
   1.0420879e+01
   1.0177178e+01
   1.0148720e+01
   1.0127096e+01
   9.8173980e+00
   9.9268261e+00
   9.8806856e+00
   9.6820731e+00
   9.9047740e+00
   9.9492874e+00
   1.0082891e+01
   9.6611776e+00
   9.5101630e+00
   1.0422929e+01
   1.0422929e+01
   1.0284488e+01
   1.0284488e+01
   1.0499219e+01
   1.0418717e+01
   1.0368395e+01
   1.0495766e+01
   1.0467855e+01
   1.0471936e+01
   9.1849200e+00
   9.3106236e+00
   9.5509817e+00
   9.5772403e+00
   8.3202687e+00
   9.0612377e+00
   9.5996121e+00
   9.6795300e+00
   9.7214653e+00
   9.1410554e+00
   9.8558306e+00
   9.7653854e+00
   9.7420938e+00
   1.0441740e+01
   1.0231676e+01
   1.0163207e+01
   1.0352673e+01
   1.0220848e+01
   9.9961431e+00
   9.9262854e+00
   1.0010439e+01
   9.9441590e+00
   9.9531295e+00
   1.0424932e+01
   1.0407759e+01
   1.0411661e+01
   1.0411661e+01
   1.0317790e+01
   1.0094930e+01
   1.0159629e+01
   1.0204694e+01
   1.0248505e+01
   1.0410821e+01
   1.0414225e+01
   1.0414225e+01
   1.0377749e+01
   1.0193294e+01
   1.0061921e+01
   1.0123137e+01
   9.9922460e+00
   1.0084789e+01
   1.0265070e+01
   1.0382206e+01
   1.0207686e+01
   9.2091251e+00
   9.1869335e+00
   9.1043957e+00
   9.5223099e+00
   1.0174565e+01
   9.6426612e+00
   1.0052482e+01
   1.0387454e+01
   9.6862068e+00
   9.8469334e+00
   1.0172727e+01
   1.0487971e+01
   1.0262661e+01
   1.0160335e+01
   1.0395102e+01
   1.0119213e+01
   9.9575912e+00
   9.4946123e+00
   9.5599141e+00
   9.6680319e+00
   1.0304217e+01
   9.5401237e+00
   9.5051020e+00
   9.5713463e+00
   1.0179839e+01
   1.0419578e+01
   1.0419578e+01
   9.8930840e+00
   1.0484045e+01
   1.0332389e+01
   1.0346718e+01
   1.0173971e+01
   1.0197664e+01
   1.0251718e+01
   1.0452092e+01
   1.0376464e+01
   1.0290242e+01
   1.0183137e+01
   9.7900287e+00
   9.3577256e+00
   1.0403803e+01
   1.0218292e+01
   1.0399798e+01
   1.0265540e+01
   1.0265540e+01
   1.0229594e+01
   1.0255852e+01
   1.0184340e+01
   1.0455784e+01
   1.0455701e+01
   1.0314941e+01
   1.0460810e+01
   9.8030488e+00
   9.8355003e+00
   1.0334274e+01
   1.0127846e+01
   1.0253764e+01
   1.0132534e+01
   1.0304940e+01
   1.0413358e+01
   1.0031939e+01
   1.0261400e+01
   1.0224919e+01
   9.9396127e+00
   9.9521843e+00
   9.1365751e+00
   9.1704164e+00
   9.4507561e+00
   9.6620575e+00
   9.7621123e+00
   9.7876755e+00
   1.0047722e+01
   1.0143726e+01
   1.0457435e+01
   1.0214062e+01
   1.0339148e+01
   1.0429632e+01
   1.0314158e+01
   1.0286514e+01
   9.6338696e+00
   9.6232290e+00
   9.9320393e+00
   9.6469869e+00
   1.0179065e+01
   9.4007342e+00
   9.4723747e+00
   9.2421199e+00
   9.8933824e+00
   9.1733600e+00
   1.0232651e+01
   1.0253046e+01
   9.9676732e+00
   9.9676732e+00
   1.0006674e+01
   9.8641618e+00
   9.7133193e+00
   9.9383551e+00
   9.9581004e+00
   9.7710227e+00
   9.7467931e+00
   1.0282521e+01
   1.0144315e+01
   1.0072228e+01
   1.0077413e+01
   9.9590691e+00
   9.7724986e+00
   9.9080223e+00
   9.9264199e+00
   9.9055820e+00
   9.9212539e+00
   9.7108022e+00
   8.9140350e+00
   8.8881460e+00
   9.3474964e+00
   1.0260921e+01
   1.0125617e+01
   1.0113848e+01
   1.0242394e+01
   1.0360151e+01
   1.0486199e+01
   1.0498677e+01
   1.0269649e+01
   1.0126992e+01
   9.9100088e+00
   9.7373899e+00
   9.8036385e+00
   9.5746077e+00
   9.5699450e+00
   9.6953536e+00
   1.0173318e+01
   1.0413086e+01
   1.0252599e+01
   1.0252599e+01
   1.0178422e+01
   1.0178422e+01
   9.9382237e+00
   9.9538025e+00
   1.0011880e+01
   9.7333900e+00
   9.7723571e+00
   1.0301560e+01
   1.0264486e+01
   1.0009253e+01
   9.4690545e+00
   9.4785173e+00
   9.3275589e+00
   9.7057943e+00
   9.2860064e+00
   9.5774194e+00
   9.7463136e+00
   9.7477141e+00
   9.6979377e+00
   9.5493747e+00
   8.9756902e+00
   9.8438070e+00
   9.6995869e+00
   1.0263718e+01
   1.0451150e+01
   1.0365399e+01
   1.0403418e+01
   9.8520298e+00
   9.8537473e+00
   1.0379402e+01
   9.8376865e+00
   9.9761475e+00
   1.0194867e+01
   1.0132529e+01
   1.0153145e+01
   9.9539286e+00
   9.9731113e+00
   9.8642141e+00
   9.4222425e+00
   9.1452079e+00
   9.1452079e+00
   9.1975029e+00
   9.3075663e+00
   9.2293747e+00
   9.3867508e+00
   9.4233169e+00
   9.3707157e+00
   9.7566856e+00
   9.6971368e+00
   9.7087977e+00
   9.9389281e+00
   1.0035060e+01
   1.0472460e+01
   1.0464647e+01
   1.0464647e+01
   1.0014935e+01
   1.0101578e+01
   1.0132455e+01
   1.0255171e+01
   1.0425160e+01
   1.0021066e+01
   1.0039608e+01
   9.8293532e+00
   1.0263254e+01
   9.8874648e+00
   1.0435694e+01
   1.0335898e+01
   1.0300994e+01
   1.0435398e+01
   1.0351245e+01
   9.8430791e+00
   9.5436768e+00
   1.0108413e+01
   1.0096487e+01
   1.0032024e+01
   1.0436317e+01
   1.0012624e+01
   9.8174466e+00
   1.0490964e+01
   1.0462846e+01
   1.0243680e+01
   1.0001597e+01
   9.8732157e+00
   9.3108090e+00
   8.7799977e+00
   9.0019604e+00
   9.2900731e+00
   9.3929019e+00
   9.0989728e+00
   9.2370251e+00
   9.4337823e+00
   9.7395643e+00
   9.5038510e+00
   9.3342359e+00
   9.5220081e+00
   1.0194026e+01
   1.0165822e+01
   1.0424123e+01
   1.0079916e+01
   1.0071215e+01
   1.0162104e+01
   1.0325995e+01
   1.0339508e+01
   1.0028807e+01
   1.0171773e+01
   1.0374859e+01
   1.0251641e+01
   1.0186702e+01
   1.0371117e+01
   1.0244155e+01
   1.0244155e+01
   9.6173838e+00
   1.0196813e+01
   1.0345187e+01
   1.0163272e+01
   1.0375683e+01
   1.0315159e+01
   1.0276517e+01
   9.5558267e+00
   1.0484849e+01
   1.0351031e+01
   9.8637712e+00
   9.5415445e+00
   9.2684585e+00
   9.8205059e+00
   1.0127741e+01
   1.0203471e+01
   1.0328463e+01
