   1.1000000e+01
   1.1772811e+01
   1.2216567e+01
   1.2605195e+01
   1.3017855e+01
   1.3511456e+01
   1.3560876e+01
   1.3712770e+01
   1.3747105e+01
   1.3284785e+01
   1.2917403e+01
   1.3554794e+01
   1.3406682e+01
   1.2976139e+01
   1.3238139e+01
   1.2465790e+01
   1.2910384e+01
   1.3032925e+01
   1.2675574e+01
   1.3658248e+01
   1.3703134e+01
   1.2280807e+01
   1.0907240e+01
   1.2431987e+01
   1.2944155e+01
   1.3618830e+01
   1.3023420e+01
   1.3117864e+01
   1.3819545e+01
   1.3188470e+01
   1.3210803e+01
   1.3755735e+01
   1.3918657e+01
   1.3918657e+01
   1.3918657e+01
   1.3259058e+01
   1.3605833e+01
   1.1202130e+01
   1.1347508e+01
   1.2507601e+01
   1.0941034e+01
   1.0299200e+01
   1.2204631e+01
   1.1585512e+01
   1.0670234e+01
   1.0845752e+01
   1.1809149e+01
   1.1581572e+01
   1.0867481e+01
   1.2311951e+01
   1.2282800e+01
   1.2500515e+01
   1.3486163e+01
   1.3573098e+01
   1.3336957e+01
   1.3800475e+01
   1.3416689e+01
   1.3062266e+01
   1.2671632e+01
   1.3806624e+01
   1.3741517e+01
   1.3904956e+01
   1.3720672e+01
   1.3454323e+01
   1.3339395e+01
   1.3278531e+01
   1.2507472e+01
   1.2837687e+01
   1.3407389e+01
   1.3263075e+01
   1.3985154e+01
   1.3536746e+01
   1.3764901e+01
   1.3785328e+01
   1.3990940e+01
   1.3939122e+01
   1.3658184e+01
   1.3027483e+01
   1.3701739e+01
   1.3553138e+01
   1.3284464e+01
   1.3742543e+01
   1.3161096e+01
   1.3161096e+01
   1.3711195e+01
   1.3283852e+01
   1.3377263e+01
   1.3225181e+01
   1.2980571e+01
   1.3919245e+01
   1.3919245e+01
   1.3965764e+01
   1.3664896e+01
   1.3425540e+01
   1.3162625e+01
   1.3855446e+01
   1.3871338e+01
   1.3797781e+01
   1.3520772e+01
   1.3622703e+01
   1.3481621e+01
   1.3830402e+01
   1.3990109e+01
   1.3585047e+01
   1.2857208e+01
   1.2865955e+01
   1.3061204e+01
   1.3061204e+01
   1.0693677e+01
   1.0843195e+01
   1.1233380e+01
   1.1509441e+01
   1.2560875e+01
   1.3191526e+01
   1.3295882e+01
   1.3577922e+01
   1.3912730e+01
   1.3591442e+01
   1.3536407e+01
   1.3794544e+01
   1.3020391e+01
   1.2213628e+01
   1.1674089e+01
   1.1421843e+01
   1.0890221e+01
   1.2907950e+01
   1.2842156e+01
   1.2733484e+01
   1.3505703e+01
   1.3116164e+01
   1.3764688e+01
   1.3585857e+01
   1.3585857e+01
   1.3482198e+01
   1.3530541e+01
   1.3452420e+01
   1.3561403e+01
   1.3589153e+01
   1.3979796e+01
   1.3979527e+01
   1.3979527e+01
   1.3364221e+01
   1.3703962e+01
   1.3769729e+01
   1.3738048e+01
   1.3616540e+01
   1.3478292e+01
   1.3270209e+01
   1.3506629e+01
   1.3506629e+01
   1.3506629e+01
   1.3726652e+01
   1.3733311e+01
   1.3874480e+01
   1.2089355e+01
   1.2128991e+01
   1.3053017e+01
   1.2774786e+01
   1.2901778e+01
   1.2864314e+01
   1.2954979e+01
   1.3159776e+01
   1.3476752e+01
   1.3290987e+01
   1.2059719e+01
   1.2369649e+01
   1.2128346e+01
   1.1292075e+01
   1.2263907e+01
   1.0165310e+01
   1.0935390e+01
   1.2371211e+01
   1.2708281e+01
   1.2797700e+01
   1.2679370e+01
   1.2191811e+01
   1.2705398e+01
   1.2676459e+01
   1.2537406e+01
   1.3000789e+01
   1.2850503e+01
   1.2588568e+01
   1.2726018e+01
   1.3599950e+01
   1.3152783e+01
   1.3152783e+01
   1.3089592e+01
   1.2654257e+01
   1.2654257e+01
   1.3337751e+01
   1.3337751e+01
   1.3972655e+01
   1.3999497e+01
   1.3907547e+01
   1.3907547e+01
   1.3907547e+01
   1.3644204e+01
   1.3875203e+01
   1.3900383e+01
   1.3900383e+01
   1.3900383e+01
   1.3578382e+01
   1.3346483e+01
   1.3613986e+01
   1.3872469e+01
   1.3958253e+01
   1.3932092e+01
   1.3682013e+01
   1.3971226e+01
   1.3971226e+01
   1.3830660e+01
   1.3305683e+01
   1.3802715e+01
   1.3889126e+01
   1.3930578e+01
   1.3930578e+01
   1.3012428e+01
   1.3012428e+01
   1.3504987e+01
   1.3504987e+01
   1.3576657e+01
   1.3825045e+01
   1.3733071e+01
   1.3733071e+01
   1.3716158e+01
   1.3952874e+01
   1.3952874e+01
   1.3952874e+01
   1.3776227e+01
   1.3836946e+01
   1.3716577e+01
   1.3980166e+01
   1.3792868e+01
   1.3848615e+01
   1.3419932e+01
   1.3196257e+01
   1.3753426e+01
   1.3260161e+01
   1.3642882e+01
   1.3909912e+01
   1.3873275e+01
   1.3741694e+01
   1.3571005e+01
   1.3701318e+01
   1.3648798e+01
   1.3648798e+01
   1.3261693e+01
   1.3423405e+01
   1.3595984e+01
   1.3722511e+01
   1.3346111e+01
   1.3346111e+01
   1.3779918e+01
   1.3924788e+01
   1.3912852e+01
   1.3912852e+01
   1.3912852e+01
   1.3533787e+01
   1.3638307e+01
   1.3457971e+01
   1.3531759e+01
   1.3927918e+01
   1.3679519e+01
   1.3428563e+01
   1.2101489e+01
   9.9893897e+00
   9.7485597e+00
   1.0168000e+01
   1.0120526e+01
   1.0587198e+01
   1.0587198e+01
   1.1174582e+01
   1.0991874e+01
   1.0336496e+01
   1.1929275e+01
   1.1724610e+01
   1.1724610e+01
   1.1724610e+01
   1.2836281e+01
   1.0881368e+01
   1.0970708e+01
   9.7405248e+00
   1.0556204e+01
   9.0191066e+00
   8.9819133e+00
   8.9819133e+00
   8.9417702e+00
   1.0519020e+01
   1.0620198e+01
   1.1651084e+01
   1.2268439e+01
   1.0858934e+01
   1.0836742e+01
   1.2157796e+01
   1.2950706e+01
   1.3717329e+01
   1.3231365e+01
   1.3231365e+01
   1.2621592e+01
   1.3133978e+01
   1.3193729e+01
   1.3439878e+01
   1.3273688e+01
   1.2806212e+01
   1.3133423e+01
   1.3303025e+01
   1.2732041e+01
   1.2361082e+01
   1.3874124e+01
   1.3933778e+01
   1.3598420e+01
   1.3598420e+01
   1.3313249e+01
   1.3183176e+01
   1.2867495e+01
   1.3018974e+01
   1.3110406e+01
   1.2653009e+01
   1.1525177e+01
   1.1525177e+01
   1.1070613e+01
   1.1594431e+01
   1.3673070e+01
   1.3673070e+01
   1.3673070e+01
   1.3847410e+01
   1.2869366e+01
   1.2736979e+01
   1.2730056e+01
   1.2348267e+01
   1.1527448e+01
   1.2999546e+01
   1.3358954e+01
   1.3445718e+01
   1.3444805e+01
   1.3506655e+01
   1.2801376e+01
   1.2912233e+01
   1.0001258e+01
   1.0928638e+01
   1.1194735e+01
   1.2335979e+01
   1.1834680e+01
   1.2777629e+01
   1.2765247e+01
   1.3109200e+01
   1.3109200e+01
   1.3109200e+01
   1.3003258e+01
   1.3662172e+01
   1.3992217e+01
   1.3529427e+01
   1.3906386e+01
   1.3552741e+01
   1.3716925e+01
   1.3376964e+01
   1.3802261e+01
   1.3988169e+01
   1.3891620e+01
   1.3229452e+01
   1.3472848e+01
   1.3804890e+01
   1.3901110e+01
   1.3782141e+01
   1.3782141e+01
   1.3942555e+01
   1.3813371e+01
   1.3504862e+01
   1.3631776e+01
   1.3822447e+01
   1.3929471e+01
   1.3927847e+01
   1.3927847e+01
   1.3829878e+01
   1.3850218e+01
   1.3887429e+01
   1.3846967e+01
   1.3955184e+01
   1.3320581e+01
   1.3588880e+01
   1.3481366e+01
   1.3181042e+01
   1.3614916e+01
   1.3512983e+01
   1.3256275e+01
   1.1643170e+01
   1.2795426e+01
   9.3752761e+00
   1.2285565e+01
   1.2035513e+01
   1.2188007e+01
   1.0840808e+01
   1.2145554e+01
   1.2840184e+01
   1.2937578e+01
   1.3049591e+01
   1.3216755e+01
   1.3681793e+01
   1.3681793e+01
   1.3705951e+01
