   8.4050000e+00
   6.9925560e+00
   7.7241357e+00
   8.2438321e+00
   6.8789507e+00
   6.4230474e+00
   7.3342920e+00
   1.0385836e+01
   7.7187803e+00
   6.7663943e+00
   7.0337177e+00
   8.8240301e+00
   8.3093954e+00
   8.9685625e+00
   8.3070302e+00
   8.4857317e+00
   9.2796065e+00
   9.4817395e+00
   1.0088882e+01
   1.0480810e+01
   1.0495668e+01
   9.3025055e+00
   8.6889517e+00
   8.5896043e+00
   9.3133528e+00
   7.5829523e+00
   7.1923590e+00
   7.5723081e+00
   9.0814296e+00
   9.8119159e+00
   8.7890304e+00
   6.7596489e+00
   8.2157866e+00
   7.8337951e+00
   8.9087283e+00
   8.2942516e+00
   8.2191303e+00
   8.3969373e+00
   7.8479958e+00
   1.0368172e+01
   1.0412013e+01
   1.0376327e+01
   9.9829346e+00
   8.7915074e+00
   8.1497207e+00
   9.9637380e+00
   8.6048225e+00
   8.3194760e+00
   7.0619720e+00
   7.6815441e+00
   1.0244917e+01
   8.6070693e+00
   8.5952212e+00
   6.9814370e+00
   6.7072585e+00
   7.6750410e+00
   7.4276723e+00
   8.6829300e+00
   8.0685732e+00
   7.1609744e+00
   7.6557410e+00
   7.6623448e+00
   8.6348715e+00
   7.5349412e+00
   7.3616554e+00
   8.0316367e+00
   6.3321779e+00
   6.3392841e+00
   6.8381517e+00
   7.8457030e+00
   8.9871001e+00
   9.6206309e+00
   9.5555984e+00
   9.2924734e+00
   9.0834160e+00
   9.0894455e+00
   7.5441458e+00
   7.2657633e+00
   7.7585371e+00
   8.2751038e+00
   6.3604623e+00
   6.9324617e+00
   7.7401117e+00
   6.8933649e+00
   7.1161313e+00
   7.9385720e+00
   8.4084412e+00
   9.5652003e+00
   9.6327374e+00
   1.0026483e+01
   9.8268986e+00
   9.0717542e+00
   6.5414611e+00
   7.6454538e+00
   6.9908512e+00
   8.7351755e+00
   8.8897140e+00
   6.6266750e+00
   6.8842083e+00
   8.2568673e+00
   8.4939805e+00
   7.5563357e+00
   9.2351618e+00
   8.2103112e+00
   7.6029293e+00
   7.7884419e+00
   6.9517778e+00
   8.3382667e+00
   6.9147027e+00
   7.5883107e+00
   6.6669681e+00
   7.9208515e+00
   8.2477156e+00
   9.5845043e+00
   9.3707847e+00
   9.6736361e+00
   1.0397092e+01
   1.0465614e+01
   8.2470253e+00
   1.0047240e+01
   8.7176561e+00
   9.7468175e+00
   8.2024949e+00
   7.3956260e+00
   8.4016434e+00
   7.6256577e+00
   6.5893167e+00
   6.8809855e+00
   7.8011572e+00
   8.7625587e+00
   8.4679121e+00
   7.2056847e+00
   8.0969250e+00
   7.4413374e+00
   7.5662243e+00
   7.3884635e+00
   6.8070825e+00
   6.7067676e+00
   6.9034936e+00
   1.0480983e+01
   1.0437805e+01
   7.1370511e+00
   8.2886271e+00
   8.8013710e+00
   7.7683040e+00
   9.8172930e+00
   7.5260850e+00
   1.0062354e+01
   9.1551097e+00
   7.6538437e+00
   9.0537903e+00
   9.3921174e+00
   8.2725386e+00
   6.9853239e+00
   9.1797122e+00
   8.9474638e+00
   1.0034513e+01
   1.0166439e+01
   9.8368835e+00
   1.0237445e+01
   9.2630307e+00
   6.9113438e+00
   7.4895781e+00
   7.3528233e+00
   8.2859516e+00
   8.8546067e+00
   6.9312973e+00
   7.6760125e+00
   8.5513830e+00
   9.4505701e+00
   9.9047221e+00
   1.0085003e+01
   1.0249850e+01
   9.2220942e+00
   7.6155890e+00
   7.2700250e+00
   8.0455851e+00
   8.7393705e+00
   9.2530487e+00
   9.6733030e+00
   1.0375099e+01
   6.5497647e+00
   9.9022853e+00
   1.0408939e+01
   1.0053840e+01
   7.2173213e+00
   8.5676114e+00
   9.7056177e+00
   9.7056177e+00
   7.9676789e+00
   8.3002511e+00
   1.0334466e+01
   9.3786892e+00
   8.9424498e+00
   8.4570727e+00
   9.3340072e+00
   1.0018153e+01
   1.0239128e+01
   9.3179623e+00
   1.0164437e+01
   1.0196979e+01
   7.2413976e+00
   8.8067249e+00
   7.1301658e+00
   6.8161724e+00
   8.4098698e+00
   7.6652765e+00
   9.2965580e+00
   8.2558267e+00
   1.0489853e+01
   8.1514671e+00
   7.8871371e+00
   8.7677257e+00
   6.9823752e+00
   9.3274495e+00
   1.0174392e+01
   1.0054153e+01
   8.6290106e+00
   1.0240871e+01
   9.7733347e+00
   9.7702063e+00
   1.0418655e+01
   9.2793236e+00
   9.2793236e+00
   8.1670063e+00
   9.5428423e+00
   7.7428283e+00
   7.4652191e+00
   6.4004012e+00
   6.6755022e+00
   6.4948244e+00
   8.0962313e+00
   9.8504899e+00
   9.7522423e+00
   8.3952882e+00
   7.6170873e+00
   7.5521250e+00
   9.0122550e+00
   1.0372610e+01
   8.8104582e+00
   8.8265500e+00
   8.4882809e+00
   9.1579060e+00
   9.8455952e+00
   9.4564802e+00
   8.0160810e+00
   9.1586429e+00
   1.0040661e+01
   8.0611641e+00
   8.4159626e+00
   9.8953753e+00
   9.2379106e+00
   9.6141844e+00
   8.7570879e+00
   9.6497940e+00
   9.4465797e+00
   6.4326534e+00
   9.1946197e+00
   6.8801444e+00
   9.3750483e+00
   6.7362626e+00
   9.3793016e+00
   8.3336088e+00
   7.9040976e+00
   7.9040976e+00
   1.0223589e+01
   9.0345815e+00
   8.7993442e+00
   9.3086013e+00
   1.0246231e+01
   8.8117647e+00
   9.6493268e+00
   7.4097390e+00
   8.1224053e+00
   8.4856833e+00
   9.5177083e+00
   7.1946862e+00
   7.4498639e+00
   7.0537573e+00
   8.6880990e+00
   1.0098124e+01
   1.0278356e+01
   1.0118751e+01
   9.9552633e+00
   1.0493466e+01
   9.6912200e+00
   7.9374014e+00
   8.7606696e+00
   7.2543184e+00
   6.3260069e+00
   8.3016510e+00
   9.1526716e+00
   9.0690394e+00
   9.1044293e+00
   8.7024333e+00
   7.9861788e+00
   8.4233415e+00
   8.7968256e+00
   8.4496843e+00
   9.5992690e+00
   9.7236459e+00
   9.0073338e+00
   1.0325271e+01
   1.0179064e+01
   1.0101643e+01
   7.9322333e+00
   7.9882318e+00
   6.9656563e+00
   7.4786273e+00
   6.7873387e+00
   9.2780339e+00
   9.6493393e+00
   8.4670175e+00
   8.2875398e+00
   8.3609840e+00
   8.7196949e+00
   9.4521568e+00
   9.4068024e+00
   7.5778762e+00
   1.0219142e+01
   9.6159924e+00
   1.0265589e+01
   8.7297205e+00
   7.3123444e+00
   8.0053999e+00
   8.5595430e+00
   8.4798529e+00
   7.2289120e+00
   7.9335178e+00
   7.9386481e+00
   7.8771155e+00
   9.7722393e+00
   9.6289863e+00
   8.7651246e+00
   8.0917014e+00
   9.2077412e+00
   9.5556912e+00
   9.4391221e+00
   9.2766621e+00
   7.7426779e+00
   9.3745264e+00
   6.6017245e+00
   7.0067328e+00
   8.7570866e+00
   9.7041088e+00
   8.5154846e+00
   9.1918578e+00
   9.6406042e+00
   7.4774073e+00
   7.6788936e+00
   7.5341511e+00
   6.8000271e+00
   9.0178544e+00
   9.9308980e+00
   7.2555050e+00
   8.4119533e+00
   8.5002348e+00
   7.9052526e+00
   8.8190105e+00
   9.1546045e+00
   1.0458640e+01
   9.6995316e+00
   8.4276840e+00
   7.1446358e+00
   7.2054050e+00
   7.3020384e+00
   8.2791482e+00
   1.0233318e+01
   8.2622175e+00
   8.7055946e+00
   9.0105463e+00
   9.5915068e+00
   7.4930060e+00
   8.4966705e+00
   1.0372977e+01
   9.7495927e+00
   6.3436638e+00
   6.8497154e+00
   8.2313359e+00
   6.4097569e+00
   8.3906404e+00
   9.2731543e+00
   8.6227858e+00
   9.0821086e+00
   8.3428074e+00
   1.0389717e+01
   9.5200366e+00
   9.9725708e+00
   1.0287828e+01
   9.3684403e+00
   8.8662181e+00
   8.8876424e+00
   1.0171782e+01
   9.5801026e+00
   1.0111921e+01
   8.6267748e+00
   8.4502449e+00
   8.4817015e+00
   9.4121657e+00
   8.5046118e+00
   7.7399010e+00
   9.4477781e+00
   6.7093358e+00
   7.1342307e+00
   7.7644628e+00
   8.9011218e+00
   9.0895087e+00
   9.5473374e+00
   9.4131381e+00
   8.9610795e+00
   7.8401190e+00
   8.9392557e+00
   7.7570944e+00
   7.5365130e+00
   7.7716013e+00
   6.7358700e+00
   7.2774375e+00
   8.4227205e+00
   9.9354326e+00
   7.8110734e+00
   6.4879069e+00
   9.1730117e+00
   9.1464352e+00
   8.3460823e+00
   6.7282085e+00
   9.4675340e+00
   9.7670003e+00
   1.0010630e+01
   9.5123799e+00
   9.0853399e+00
   7.9582828e+00
   1.0161212e+01
   7.8887816e+00
   8.1543200e+00
   8.9022297e+00
   7.6237231e+00
   7.9646258e+00
   7.6147202e+00
   7.5062076e+00
   8.2120588e+00
   9.8556339e+00
   8.4926081e+00
   9.3540337e+00
   9.9575080e+00
   9.7715355e+00
   8.6116147e+00
   6.7770218e+00
   8.9882477e+00
   1.0057419e+01
   9.5836580e+00
   9.6797102e+00
   9.9959083e+00
   1.0458515e+01
   9.6592391e+00
   8.9261909e+00
   8.4223334e+00
   9.6792250e+00
   7.1971690e+00
   7.1630426e+00
   9.2261483e+00
   9.1075389e+00
   8.1479443e+00
   7.7431075e+00
   9.3761146e+00
   1.0273586e+01
   9.2846951e+00
   8.3082164e+00
   7.2267838e+00
   1.0052006e+01
   1.0353730e+01
   8.9574052e+00
   9.5160351e+00
   9.1651589e+00
   7.8146482e+00
   9.0806129e+00
   1.0461649e+01
   9.1908351e+00
   8.0966358e+00
   8.9177411e+00
   1.0178480e+01
   9.3393600e+00
   9.5863832e+00
   6.6230254e+00
   7.5642422e+00
   6.4887852e+00
   9.0232926e+00
   8.4222048e+00
   8.2700014e+00
   9.8935236e+00
   8.4952990e+00
   8.7462859e+00
   7.3380981e+00
   7.3563973e+00
   9.5111116e+00
   9.2088652e+00
   8.7959328e+00
   6.7932037e+00
   8.7378770e+00
   9.4919860e+00
   9.9101061e+00
